timestamp,vel_pos_innov[0],vel_pos_innov[1],vel_pos_innov[2],vel_pos_innov[3],vel_pos_innov[4],vel_pos_innov[5],mag_innov[0],mag_innov[1],mag_innov[2],heading_innov,airspeed_innov,beta_innov,flow_innov[0],flow_innov[1],hagl_innov,vel_pos_innov_var[0],vel_pos_innov_var[1],vel_pos_innov_var[2],vel_pos_innov_var[3],vel_pos_innov_var[4],vel_pos_innov_var[5],mag_innov_var[0],mag_innov_var[1],mag_innov_var[2],heading_innov_var,airspeed_innov_var,beta_innov_var,flow_innov_var[0],flow_innov_var[1],hagl_innov_var,output_tracking_error[0],output_tracking_error[1],output_tracking_error[2],drag_innov[0],drag_innov[1],drag_innov_var[0],drag_innov_var[1],aux_vel_innov[0],aux_vel_innov[1]
1725780098,0.06432314,-0.008079189,0.0022029863,-0.0037708282,-0.017665863,-0.5297508,0.0,0.0,0.0,0.009785976,0.0,0.0,0.0,0.0,0.0,0.2627441,0.26274395,0.57214296,0.4381631,0.43816313,4.057308,0.0,0.0,0.0,0.09014775,0.0,0.0,0.0,0.0,0.0,0.00017976845,0.004770226,0.01482052,0.0,0.0,0.0,0.0,0.0,0.0
1725979826,0.07707426,-0.017731722,0.029580796,-0.010591507,-0.024816513,-0.0056114197,0.0,0.0,0.0,-0.050411485,0.0,0.0,0.0,0.0,0.0,0.26252633,0.26252618,0.5721326,0.43706346,0.4370635,4.0574017,0.0,0.0,0.0,0.090147756,0.0,0.0,0.0,0.0,0.0,0.0001588211,0.004017832,0.012689653,0.0,0.0,0.0,0.0,0.0,0.0
1726185434,0.06353057,-0.01519617,0.088823445,0.005346298,-0.021131516,0.09852028,0.0,0.0,0.0,-0.022628454,0.0,0.0,0.0,0.0,0.0,0.26246485,0.2624647,0.57210666,0.4367361,0.43673617,4.057274,0.0,0.0,0.0,0.09014785,0.0,0.0,0.0,0.0,0.0,0.00017680696,0.0050602485,0.013790818,0.0,0.0,0.0,0.0,0.0,0.0
1726389624,0.07653726,0.0021687597,0.038471304,0.00970459,-0.01766777,0.08991623,0.0,0.0,0.0,0.08828139,0.0,0.0,0.0,0.0,0.0,0.26251078,0.2625106,0.5721433,0.43821844,0.43821847,4.057248,0.0,0.0,0.0,0.090147845,0.0,0.0,0.0,0.0,0.0,0.0005588316,0.0050161746,0.014766416,0.0,0.0,0.0,0.0,0.0,0.0
1726589400,0.04498684,0.023989037,0.0634592,0.012199402,-0.02399826,0.08412552,0.0,0.0,0.0,-0.029324014,0.0,0.0,0.0,0.0,0.0,0.26245487,0.2624547,0.5721192,0.4379236,0.43792364,4.0570707,0.0,0.0,0.0,0.09014778,0.0,0.0,0.0,0.0,0.0,0.00032440067,0.004438542,0.0130217485,0.0,0.0,0.0,0.0,0.0,0.0
1726794187,0.09989606,0.009792475,0.025750047,0.014632225,-0.023071289,0.25841904,0.0,0.0,0.0,-0.040039055,0.0,0.0,0.0,0.0,0.0,0.26246732,0.2624671,0.57213134,0.4379748,0.43797484,4.0571976,0.0,0.0,0.0,0.090147704,0.0,0.0,0.0,0.0,0.0,0.00016564196,0.0034381603,0.008356293,0.0,0.0,0.0,0.0,0.0,0.0
1726994452,0.06663294,0.0048034107,-0.04066375,0.014165878,-0.020191193,-0.11903,0.0,0.0,0.0,-0.1052318,0.0,0.0,0.0,0.0,0.0,0.26264986,0.26264971,0.57216126,0.43771172,0.43771175,4.0571,0.0,0.0,0.0,0.09014779,0.0,0.0,0.0,0.0,0.0,0.0005643026,0.0030597686,0.0072937477,0.0,0.0,0.0,0.0,0.0,0.0
1727195011,0.04939366,-0.022060387,-0.0006294213,-0.0040225983,-0.015553474,1.661602,0.0,0.0,0.0,0.058837913,0.0,0.0,0.0,0.0,0.0,0.2625349,0.26253474,0.57210904,0.4357777,0.4357777,4.05694,0.0,0.0,0.0,0.09014769,0.0,0.0,0.0,0.0,0.0,0.0013388515,0.027684418,0.089991495,0.0,0.0,0.0,0.0,0.0,0.0
1727400009,-0.061250046,0.08298387,-0.165661,-0.018017769,-0.013292313,1.1927757,0.0,0.0,0.0,0.023427889,0.0,0.0,0.0,0.0,0.0,0.26289383,0.26289353,0.57212436,0.43577367,0.43577373,4.0568786,0.0,0.0,0.0,0.09014767,0.0,0.0,0.0,0.0,0.0,0.00072028796,0.009726958,0.03230788,0.0,0.0,0.0,0.0,0.0,0.0
1727600033,0.25975126,0.015638128,0.090976715,-0.0051221848,-0.009914398,1.176918,0.0,0.0,0.0,-0.07297549,0.0,0.0,0.0,0.0,0.0,0.2631122,0.26311016,0.5721123,0.43184438,0.43184438,4.0566425,0.0,0.0,0.0,0.09014766,0.0,0.0,0.0,0.0,0.0,0.00041272346,0.020488998,0.06799219,0.0,0.0,0.0,0.0,0.0,0.0
1727800845,0.009361945,-0.0019210428,-0.05542779,-0.0038862228,-0.020105362,-0.041282654,0.0,0.0,0.0,-0.03310947,0.0,0.0,0.0,0.0,0.0,0.26303166,0.26302814,0.5721272,0.43052137,0.43052122,4.0568056,0.0,0.0,0.0,0.090147674,0.0,0.0,0.0,0.0,0.0,0.00020720977,0.022360094,0.076804295,0.0,0.0,0.0,0.0,0.0,0.0
1728005637,-0.03984553,-0.12294729,-0.03150916,-0.009459496,-0.03738308,-0.83218384,0.0,0.0,0.0,0.004659377,0.0,0.0,0.0,0.0,0.0,0.26294073,0.26294002,0.5720653,0.42808113,0.4280807,4.056641,0.0,0.0,0.0,0.09014775,0.0,0.0,0.0,0.0,0.0,0.00021986131,0.004219485,0.0151571855,0.0,0.0,0.0,0.0,0.0,0.0
1728209399,0.028191641,0.022625491,0.05788082,-0.023801804,-0.029805183,-0.67975044,0.0,0.0,0.0,-0.025953893,0.0,0.0,0.0,0.0,0.0,0.26289976,0.26290065,0.5721138,0.427012,0.42701143,4.0565763,0.0,0.0,0.0,0.09014776,0.0,0.0,0.0,0.0,0.0,0.000424062,0.01121474,0.03394799,0.0,0.0,0.0,0.0,0.0,0.0
1728410528,0.0252769,-0.093113266,-0.109538734,-0.038640976,-0.030085564,0.3097458,0.0,0.0,0.0,-0.03239784,0.0,0.0,0.0,0.0,0.0,0.26283726,0.26283923,0.57213694,0.42452037,0.4245198,4.0567527,0.0,0.0,0.0,0.0901477,0.0,0.0,0.0,0.0,0.0,0.00048845424,0.013486198,0.043240882,0.0,0.0,0.0,0.0,0.0,0.0
1728611215,0.14832683,-0.034987308,-0.07006788,-0.031292915,-0.03260994,-0.28902626,0.0,0.0,0.0,0.024280917,0.0,0.0,0.0,0.0,0.0,0.26277867,0.2627813,0.5720769,0.42199704,0.42199662,4.0566726,0.0,0.0,0.0,0.09014762,0.0,0.0,0.0,0.0,0.0,0.00040840067,0.008900285,0.030667141,0.0,0.0,0.0,0.0,0.0,0.0
1728811242,0.19311051,-0.12116667,-0.049510896,0.012061119,-0.068772316,-0.32281113,0.0,0.0,0.0,0.026104715,0.0,0.0,0.0,0.0,0.0,0.26271492,0.26271573,0.5720955,0.41578624,0.41578597,4.0566616,0.0,0.0,0.0,0.09014764,0.0,0.0,0.0,0.0,0.0,0.0004888831,0.0070881736,0.017383376,0.0,0.0,0.0,0.0,0.0,0.0
1729015845,-0.064186834,0.010364197,-0.0034294128,-0.0029497147,-0.054088593,-0.24118614,0.0,0.0,0.0,-0.008398309,0.0,0.0,0.0,0.0,0.0,0.2625962,0.26259574,0.5720842,0.414074,0.41407382,4.056602,0.0,0.0,0.0,0.09014765,0.0,0.0,0.0,0.0,0.0,0.00024756786,0.0044315956,0.015504462,0.0,0.0,0.0,0.0,0.0,0.0
1729216611,0.21876515,-0.035455525,-0.1331377,0.011088371,-0.057383537,0.52132416,0.0,0.0,0.0,-0.000121388584,0.0,0.0,0.0,0.0,0.0,0.26262212,0.26262102,0.57206047,0.41303316,0.4130329,4.0567985,0.0,0.0,0.0,0.09014766,0.0,0.0,0.0,0.0,0.0,0.0002822179,0.006682638,0.020331245,0.0,0.0,0.0,0.0,0.0,0.0
1729417739,-0.173824,0.0638957,0.018718898,-0.012452126,-0.045135498,-0.6879349,0.0,0.0,0.0,-0.01905986,0.0,0.0,0.0,0.0,0.0,0.26251268,0.26251164,0.57212746,0.4125398,0.4125394,4.0567746,0.0,0.0,0.0,0.09014767,0.0,0.0,0.0,0.0,0.0,0.00012490366,0.01442737,0.045791242,0.0,0.0,0.0,0.0,0.0,0.0
1729621695,0.2901421,-0.00019499194,-0.10944414,0.0253582,-0.049868584,0.66064835,0.0,0.0,0.0,0.007662013,0.0,0.0,0.0,0.0,0.0,0.26253232,0.2625318,0.57209784,0.41149318,0.41149262,4.056704,0.0,0.0,0.0,0.09014768,0.0,0.0,0.0,0.0,0.0,0.00029800343,0.0058968174,0.017615588,0.0,0.0,0.0,0.0,0.0,0.0
1729822219,-0.093303904,0.07995846,-0.0753327,0.012901306,-0.039905548,-0.22237206,0.0,0.0,0.0,0.057372812,0.0,0.0,0.0,0.0,0.0,0.26249313,0.2624927,0.57211715,0.41133735,0.41133666,4.056642,0.0,0.0,0.0,0.090147614,0.0,0.0,0.0,0.0,0.0,0.00014271212,0.005589242,0.014832927,0.0,0.0,0.0,0.0,0.0,0.0
1730023301,0.08741683,0.10443533,-0.069137454,0.076581,-0.06273842,-0.4224167,0.0,0.0,0.0,0.0062466934,0.0,0.0,0.0,0.0,0.0,0.2624521,0.26245174,0.5720585,0.40402642,0.40402567,4.056611,0.0,0.0,0.0,0.09014762,0.0,0.0,0.0,0.0,0.0,0.00023429141,0.004502003,0.009027158,0.0,0.0,0.0,0.0,0.0,0.0
1730223820,0.051641185,0.13805833,0.059605956,0.06366825,-0.03891754,0.30049133,0.0,0.0,0.0,-0.0657582,0.0,0.0,0.0,0.0,0.0,0.2623482,0.26234776,0.5720457,0.4022708,0.40227002,4.0569835,0.0,0.0,0.0,0.09014787,0.0,0.0,0.0,0.0,0.0,0.00028687573,0.008533838,0.022782363,0.0,0.0,0.0,0.0,0.0,0.0
1730428136,0.05501105,0.09745996,-0.09195411,0.06841087,-0.026996613,-1.188652,0.0,0.0,0.0,0.030981455,0.0,0.0,0.0,0.0,0.0,0.26234046,0.26234064,0.5720901,0.40225023,0.4022495,4.057183,0.0,0.0,0.0,0.09014787,0.0,0.0,0.0,0.0,0.0,0.00022413908,0.0096613215,0.02711574,0.0,0.0,0.0,0.0,0.0,0.0
1730628935,0.038368534,0.052451245,0.016693294,0.0641346,-0.012945175,-0.1686058,0.0,0.0,0.0,-0.009468833,0.0,0.0,0.0,0.0,0.0,0.2623188,0.2623197,0.57210374,0.402087,0.40208635,4.057037,0.0,0.0,0.0,0.09014779,0.0,0.0,0.0,0.0,0.0,0.00016933068,0.0053794603,0.015518684,0.0,0.0,0.0,0.0,0.0,0.0
1730833738,-0.056885414,0.03827499,0.053229272,0.05512333,-0.0151577,0.15870285,0.0,0.0,0.0,-0.0256996,0.0,0.0,0.0,0.0,0.0,0.2623002,0.2623018,0.5721151,0.40076143,0.4007609,4.057216,0.0,0.0,0.0,0.090147726,0.0,0.0,0.0,0.0,0.0,8.087048e-05,0.0037592505,0.007308692,0.0,0.0,0.0,0.0,0.0,0.0
1731033668,-0.031246029,0.041669928,-0.16122234,0.058628082,-0.017073631,0.20046616,0.0,0.0,0.0,0.036087174,0.0,0.0,0.0,0.0,0.0,0.2622803,0.2622825,0.57212466,0.40059915,0.40059882,4.0571423,0.0,0.0,0.0,0.09014765,0.0,0.0,0.0,0.0,0.0,3.5698326e-05,0.0053909593,0.0139396135,0.0,0.0,0.0,0.0,0.0,0.0
1731234423,-0.12344855,-0.0268275,0.07477486,0.051160812,-0.020646095,0.14222717,0.0,0.0,0.0,0.002379723,0.0,0.0,0.0,0.0,0.0,0.26221427,0.2622165,0.5721028,0.39901108,0.39901096,4.057265,0.0,0.0,0.0,0.090147585,0.0,0.0,0.0,0.0,0.0,0.00027971843,0.0056772656,0.009364875,0.0,0.0,0.0,0.0,0.0,0.0
1731435000,-0.08843271,0.0038505718,-0.058404565,0.041936874,-0.019904137,-0.40831947,0.0,0.0,0.0,-0.038430613,0.0,0.0,0.0,0.0,0.0,0.2622078,0.2622101,0.5721098,0.398915,0.39891514,4.0574102,0.0,0.0,0.0,0.09014752,0.0,0.0,0.0,0.0,0.0,0.00011966862,0.005713621,0.009919903,0.0,0.0,0.0,0.0,0.0,0.0
1731635832,-0.18166254,-0.012148168,-0.047147393,0.05343628,-0.048478127,0.042222977,0.0,0.0,0.0,-0.026242455,0.0,0.0,0.0,0.0,0.0,0.26221383,0.26221532,0.5721178,0.39415002,0.39415038,4.057537,0.0,0.0,0.0,0.09014744,0.0,0.0,0.0,0.0,0.0,0.0004721839,0.0076182736,0.0140777165,0.0,0.0,0.0,0.0,0.0,0.0
1731836125,-0.022919416,0.05609112,0.026592493,0.048282623,-0.045508385,-0.34849167,0.0,0.0,0.0,-0.020027645,0.0,0.0,0.0,0.0,0.0,0.2622582,0.2622591,0.5721555,0.3943355,0.39433604,4.057515,0.0,0.0,0.0,0.090147525,0.0,0.0,0.0,0.0,0.0,0.00023331252,0.0043495297,0.010023601,0.0,0.0,0.0,0.0,0.0,0.0
1732040808,-0.1360489,0.08588491,-0.005349934,0.016813278,-0.03053093,0.5330925,0.0,0.0,0.0,-0.027384557,0.0,0.0,0.0,0.0,0.0,0.26221803,0.26221842,0.57215375,0.3940574,0.39405796,4.057321,0.0,0.0,0.0,0.09014762,0.0,0.0,0.0,0.0,0.0,0.00014294355,0.0064103124,0.014691454,0.0,0.0,0.0,0.0,0.0,0.0
1732241610,-0.06492851,-0.022057025,-0.121676564,0.0052394867,-0.040364265,-0.065071106,0.0,0.0,0.0,0.02809351,0.0,0.0,0.0,0.0,0.0,0.26220086,0.26220092,0.57207847,0.3939376,0.39393806,4.0572205,0.0,0.0,0.0,0.09014747,0.0,0.0,0.0,0.0,0.0,0.00015967964,0.005976434,0.014459415,0.0,0.0,0.0,0.0,0.0,0.0
1732441775,-0.17888233,0.08389265,-0.03168583,-0.0040245056,-0.03536606,-0.8860569,0.0,0.0,0.0,0.00016890839,0.0,0.0,0.0,0.0,0.0,0.26220408,0.26220396,0.57208836,0.3938709,0.39387125,4.057376,0.0,0.0,0.0,0.09014758,0.0,0.0,0.0,0.0,0.0,0.00023083424,0.01188969,0.034278512,0.0,0.0,0.0,0.0,0.0,0.0
1732642420,-0.122850664,0.004878223,-0.035942078,-0.031125069,-0.033548355,-0.17910385,0.0,0.0,0.0,-0.014108747,0.0,0.0,0.0,0.0,0.0,0.26219746,0.26219738,0.5721002,0.39381847,0.39381868,4.0571966,0.0,0.0,0.0,0.09014743,0.0,0.0,0.0,0.0,0.0,0.00023378116,0.011740192,0.035985958,0.0,0.0,0.0,0.0,0.0,0.0
1732843410,-0.17783894,0.08256249,0.16605014,-0.051268578,-0.01911068,0.23353195,0.0,0.0,0.0,0.025161223,0.0,0.0,0.0,0.0,0.0,0.26220697,0.26220754,0.57211024,0.3937797,0.39377978,4.057061,0.0,0.0,0.0,0.09014736,0.0,0.0,0.0,0.0,0.0,0.00030481914,0.007979876,0.018612009,0.0,0.0,0.0,0.0,0.0,0.0
1733043287,-0.07571599,0.04377261,-0.10903835,-0.05480385,-0.021308899,-0.29610825,0.0,0.0,0.0,-0.03051708,0.0,0.0,0.0,0.0,0.0,0.2621452,0.2621457,0.5720891,0.3922484,0.3922484,4.0569935,0.0,0.0,0.0,0.09014746,0.0,0.0,0.0,0.0,0.0,0.00023713616,0.0057360167,0.014461489,0.0,0.0,0.0,0.0,0.0,0.0
1733244139,-0.019819833,0.109586455,0.07332176,-0.06594849,-0.012160301,-0.25592422,0.0,0.0,0.0,0.0043925624,0.0,0.0,0.0,0.0,0.0,0.26216918,0.26217005,0.5720258,0.39225164,0.3922516,4.0568895,0.0,0.0,0.0,0.09014747,0.0,0.0,0.0,0.0,0.0,0.00017737284,0.004223887,0.011392845,0.0,0.0,0.0,0.0,0.0,0.0
1733444886,-0.011418966,0.033243068,-0.0077103376,-0.058917046,-0.00057315826,-0.31384087,0.0,0.0,0.0,0.027869146,0.0,0.0,0.0,0.0,0.0,0.26218718,0.2621882,0.5720436,0.39108863,0.3910886,4.0570383,0.0,0.0,0.0,0.090147406,0.0,0.0,0.0,0.0,0.0,9.270605e-05,0.0024052705,0.0079047,0.0,0.0,0.0,0.0,0.0,0.0
1733645413,0.11746079,-0.0008637868,0.051216364,-0.02278328,-0.020953178,-0.012145996,0.0,0.0,0.0,0.05923941,0.0,0.0,0.0,0.0,0.0,0.26219782,0.2621997,0.57206035,0.3887421,0.38874215,4.0571885,0.0,0.0,0.0,0.09014742,0.0,0.0,0.0,0.0,0.0,0.00010553004,0.006355463,0.01888406,0.0,0.0,0.0,0.0,0.0,0.0
1733849599,-0.15844786,0.011605937,0.009876251,-0.038075447,-0.018039703,-0.08695984,0.0,0.0,0.0,-0.044840027,0.0,0.0,0.0,0.0,0.0,0.2622091,0.2622117,0.57207096,0.38867638,0.38867658,4.057057,0.0,0.0,0.0,0.09014752,0.0,0.0,0.0,0.0,0.0,0.00018502795,0.0067031807,0.022817781,0.0,0.0,0.0,0.0,0.0,0.0
1734050478,-0.073461995,0.16200492,0.12580788,-0.044878006,-0.0073184967,-0.20766068,0.0,0.0,0.0,-0.015789432,0.0,0.0,0.0,0.0,0.0,0.2622104,0.26221287,0.5720844,0.38748375,0.3874841,4.0569096,0.0,0.0,0.0,0.09014761,0.0,0.0,0.0,0.0,0.0,0.00025086146,0.003563878,0.007509683,0.0,0.0,0.0,0.0,0.0,0.0
1734251250,0.033480037,-0.12232581,-0.15203679,-0.036564827,-0.026828766,-0.17944145,0.0,0.0,0.0,-0.031218892,0.0,0.0,0.0,0.0,0.0,0.26221886,0.2622196,0.57203174,0.38739324,0.38739383,4.0571113,0.0,0.0,0.0,0.090147465,0.0,0.0,0.0,0.0,0.0,0.00011192997,0.009696039,0.023825802,0.0,0.0,0.0,0.0,0.0,0.0
1734455051,0.116611265,0.076532476,-0.100791395,-0.025694847,-0.027623177,-0.70536804,0.0,0.0,0.0,-0.011118067,0.0,0.0,0.0,0.0,0.0,0.26219225,0.26219273,0.57204145,0.38723212,0.38723272,4.0568514,0.0,0.0,0.0,0.09014754,0.0,0.0,0.0,0.0,0.0,0.00023854374,0.00830418,0.0153301535,0.0,0.0,0.0,0.0,0.0,0.0
1734656176,0.116611265,0.076532476,-0.100791395,-0.025694847,-0.027623177,-0.39450836,0.0,0.0,0.0,-0.021677986,0.0,0.0,0.0,0.0,0.0,0.26219225,0.26219273,0.57204145,0.38723212,0.38723272,4.0568156,0.0,0.0,0.0,0.090147555,0.0,0.0,0.0,0.0,0.0,0.0002536129,0.005503556,0.0139994295,0.0,0.0,0.0,0.0,0.0,0.0
1734856834,-0.14934792,0.20214644,0.13032186,-0.044244766,-0.010007858,-0.5205498,0.0,0.0,0.0,-0.04476967,0.0,0.0,0.0,0.0,0.0,0.2622407,0.26224092,0.57201475,0.38753438,0.387535,4.0567064,0.0,0.0,0.0,0.09014756,0.0,0.0,0.0,0.0,0.0,0.00040282388,0.006786291,0.019609451,0.0,0.0,0.0,0.0,0.0,0.0
1735057743,-0.22407721,0.1226529,0.03308344,-0.070176125,0.0047216415,-0.2774048,0.0,0.0,0.0,0.0036318395,0.0,0.0,0.0,0.0,0.0,0.26216775,0.26216677,0.5720236,0.38832712,0.38832772,4.056139,0.0,0.0,0.0,0.09014765,0.0,0.0,0.0,0.0,0.0,0.0005429941,0.016014805,0.029531304,0.0,0.0,0.0,0.0,0.0,0.0
1735257614,-0.08858879,0.1061035,0.0132972,-0.08859539,0.0202322,0.26355362,0.0,0.0,0.0,0.020277305,0.0,0.0,0.0,0.0,0.0,0.2621967,0.26219508,0.5720703,0.3885137,0.3885142,4.056759,0.0,0.0,0.0,0.09014773,0.0,0.0,0.0,0.0,0.0,0.0005710439,0.016269023,0.0352541,0.0,0.0,0.0,0.0,0.0,0.0
1735458473,-0.08858879,0.1061035,0.0132972,-0.08859539,0.0202322,-0.19634628,0.0,0.0,0.0,-0.0045927446,0.0,0.0,0.0,0.0,0.0,0.2621967,0.26219508,0.5720703,0.3885137,0.3885142,4.056949,0.0,0.0,0.0,0.09014766,0.0,0.0,0.0,0.0,0.0,0.0003394275,0.0054945718,0.014785614,0.0,0.0,0.0,0.0,0.0,0.0
1735663321,0.14459515,0.015856825,0.07561612,-0.0685873,0.016043663,-0.059547424,0.0,0.0,0.0,-0.008266583,0.0,0.0,0.0,0.0,0.0,0.2621509,0.26215053,0.57209843,0.38718617,0.38718647,4.0569935,0.0,0.0,0.0,0.09014766,0.0,0.0,0.0,0.0,0.0,0.0003304391,0.005640395,0.013402991,0.0,0.0,0.0,0.0,0.0,0.0
1735863275,-0.008839916,0.049654067,-0.056163788,-0.067975044,0.025792122,0.27444458,0.0,0.0,0.0,0.019439869,0.0,0.0,0.0,0.0,0.0,0.26215622,0.262157,0.57203585,0.38720357,0.38720387,4.0568986,0.0,0.0,0.0,0.09014767,0.0,0.0,0.0,0.0,0.0,0.00017717406,0.0065566674,0.01978954,0.0,0.0,0.0,0.0,0.0,0.0
1736064107,-0.065594524,0.009177595,-0.055259705,-0.085066795,0.022851944,0.14511108,0.0,0.0,0.0,0.083037525,0.0,0.0,0.0,0.0,0.0,0.26216272,0.26216465,0.57205176,0.38719556,0.38719594,4.0570693,0.0,0.0,0.0,0.09014777,0.0,0.0,0.0,0.0,0.0,0.00022917666,0.0051094545,0.013851281,0.0,0.0,0.0,0.0,0.0,0.0
1736268872,0.2154595,0.04493115,-0.15744895,-0.046322823,0.006515503,0.51501846,0.0,0.0,0.0,0.028934041,0.0,0.0,0.0,0.0,0.0,0.26217076,0.26217347,0.5720662,0.38721612,0.38721672,4.056453,0.0,0.0,0.0,0.09014777,0.0,0.0,0.0,0.0,0.0,0.00029694862,0.009289774,0.020540966,0.0,0.0,0.0,0.0,0.0,0.0
1736469068,0.048231855,0.08077399,-0.042695045,-0.041763306,0.015954018,0.031097412,0.0,0.0,0.0,-0.030396126,0.0,0.0,0.0,0.0,0.0,0.26222417,0.26222777,0.57211125,0.38869816,0.38869908,4.057182,0.0,0.0,0.0,0.09014778,0.0,0.0,0.0,0.0,0.0,0.00021777656,0.013720406,0.042821717,0.0,0.0,0.0,0.0,0.0,0.0
1736669421,-0.26064244,0.08552429,0.047291875,-0.063355446,0.0250206,0.06912804,0.0,0.0,0.0,-0.010754902,0.0,0.0,0.0,0.0,0.0,0.26216847,0.26217267,0.57209116,0.3884015,0.38840276,4.056782,0.0,0.0,0.0,0.09014771,0.0,0.0,0.0,0.0,0.0,0.00040066618,0.015461034,0.04258435,0.0,0.0,0.0,0.0,0.0,0.0
1736874524,0.08517732,0.07129992,0.025222778,-0.061662674,0.034698486,0.3624611,0.0,0.0,0.0,-0.02614842,0.0,0.0,0.0,0.0,0.0,0.26217192,0.2621752,0.5720997,0.38840932,0.38841096,4.0571814,0.0,0.0,0.0,0.090147704,0.0,0.0,0.0,0.0,0.0,0.000507406,0.0052403617,0.013696757,0.0,0.0,0.0,0.0,0.0,0.0
1737075026,-0.04347994,0.0073965974,-0.011684537,-0.06021881,0.03827572,-0.13693237,0.0,0.0,0.0,0.018204672,0.0,0.0,0.0,0.0,0.0,0.2621191,0.26212117,0.57208014,0.38815066,0.38815248,4.0565486,0.0,0.0,0.0,0.09014779,0.0,0.0,0.0,0.0,0.0,0.00036909303,0.006457256,0.021003172,0.0,0.0,0.0,0.0,0.0,0.0
1737275027,-0.015006736,0.005786516,0.005610347,-0.058750153,0.03467846,-0.45907974,0.0,0.0,0.0,0.051995747,0.0,0.0,0.0,0.0,0.0,0.26219493,0.2621953,0.57204914,0.38851625,0.38851804,4.056725,0.0,0.0,0.0,0.090147816,0.0,0.0,0.0,0.0,0.0,0.00031378836,0.0028515852,0.007133772,0.0,0.0,0.0,0.0,0.0,0.0
1737480037,0.03949157,0.035689753,-0.028760314,-0.05297947,0.043574333,-0.027597427,0.0,0.0,0.0,-0.005169171,0.0,0.0,0.0,0.0,0.0,0.26214364,0.2621441,0.57202744,0.38821667,0.38821822,4.056568,0.0,0.0,0.0,0.090147726,0.0,0.0,0.0,0.0,0.0,0.00034778813,0.0017410303,0.0045634815,0.0,0.0,0.0,0.0,0.0,0.0
1737681012,0.040924758,-0.051832438,0.10002458,-0.040629387,0.036335945,0.15115738,0.0,0.0,0.0,-0.057740495,0.0,0.0,0.0,0.0,0.0,0.2621772,0.26217726,0.5720658,0.38842756,0.38842884,4.0565834,0.0,0.0,0.0,0.090147726,0.0,0.0,0.0,0.0,0.0,0.00036549527,0.0034848938,0.0038660641,0.0,0.0,0.0,0.0,0.0,0.0
1737885312,-0.062014095,0.0033551976,0.020938277,-0.028614998,0.033390045,-0.22632027,0.0,0.0,0.0,-0.040390585,0.0,0.0,0.0,0.0,0.0,0.26216,0.26215988,0.57208025,0.3896312,0.3896322,4.0567503,0.0,0.0,0.0,0.09014774,0.0,0.0,0.0,0.0,0.0,0.0005207437,0.0082313595,0.02385249,0.0,0.0,0.0,0.0,0.0,0.0
1738089694,-0.048874766,-0.010179311,0.010909557,-0.021169662,0.029776573,-0.35051727,0.0,0.0,0.0,-0.015223297,0.0,0.0,0.0,0.0,0.0,0.26216406,0.26216406,0.57209164,0.39084896,0.3908497,4.056668,0.0,0.0,0.0,0.09014775,0.0,0.0,0.0,0.0,0.0,0.0005426427,0.0053506657,0.015608453,0.0,0.0,0.0,0.0,0.0,0.0
1738290431,0.14418027,-0.005904071,-0.10468817,-0.0045251846,0.025845528,-0.20171928,0.0,0.0,0.0,0.0167398,0.0,0.0,0.0,0.0,0.0,0.26214945,0.26214948,0.57202476,0.39087433,0.39087492,4.056516,0.0,0.0,0.0,0.090147674,0.0,0.0,0.0,0.0,0.0,0.0005215993,0.007657062,0.013697408,0.0,0.0,0.0,0.0,0.0,0.0
1738491048,-0.11623502,0.06241418,-0.076574445,-0.0051259995,0.03460884,-0.03036499,0.0,0.0,0.0,-0.046134673,0.0,0.0,0.0,0.0,0.0,0.2621185,0.2621183,0.572033,0.39077926,0.39077973,4.0565963,0.0,0.0,0.0,0.09014767,0.0,0.0,0.0,0.0,0.0,0.00062098505,0.0010703334,0.0045769257,0.0,0.0,0.0,0.0,0.0,0.0
1738692323,-0.04633303,0.008035988,0.019295096,-0.007662773,0.03695011,-0.080337524,0.0,0.0,0.0,-0.033617485,0.0,0.0,0.0,0.0,0.0,0.26209545,0.262094,0.57204306,0.39186448,0.39186478,4.0566387,0.0,0.0,0.0,0.0901476,0.0,0.0,0.0,0.0,0.0,0.00055810326,0.0064199963,0.020590503,0.0,0.0,0.0,0.0,0.0,0.0
1738896114,0.16675717,-0.03194847,0.0886637,0.02186203,0.024053574,-0.15092087,0.0,0.0,0.0,-0.015833827,0.0,0.0,0.0,0.0,0.0,0.26211497,0.26211244,0.57205707,0.3919258,0.3919259,4.0565286,0.0,0.0,0.0,0.09014778,0.0,0.0,0.0,0.0,0.0,0.00037102873,0.009884254,0.023728054,0.0,0.0,0.0,0.0,0.0,0.0
1739096812,0.09934273,-0.074041605,0.047719955,0.04548931,0.008665085,0.4291954,0.0,0.0,0.0,-0.006784739,0.0,0.0,0.0,0.0,0.0,0.2621316,0.26212826,0.5720711,0.39201227,0.39201206,4.0566597,0.0,0.0,0.0,0.090147875,0.0,0.0,0.0,0.0,0.0,0.00040528446,0.012240105,0.02502508,0.0,0.0,0.0,0.0,0.0,0.0
1739297719,-0.10164373,0.031279497,0.05019605,0.028465271,0.0150437355,0.5857277,0.0,0.0,0.0,-0.030663174,0.0,0.0,0.0,0.0,0.0,0.26213565,0.26213348,0.5720853,0.39208198,0.39208147,4.0565424,0.0,0.0,0.0,0.09014778,0.0,0.0,0.0,0.0,0.0,0.0004825225,0.0055198525,0.015280627,0.0,0.0,0.0,0.0,0.0,0.0
1739497647,0.030650549,0.0030167922,-0.05398357,0.019730568,0.015974045,0.076828,0.0,0.0,0.0,0.029091787,0.0,0.0,0.0,0.0,0.0,0.26213178,0.2621314,0.5720995,0.39096802,0.3909673,4.056703,0.0,0.0,0.0,0.09014779,0.0,0.0,0.0,0.0,0.0,0.00038098553,0.004585323,0.012017582,0.0,0.0,0.0,0.0,0.0,0.0
1739702482,0.17804942,-0.048236933,0.07854557,0.03691864,0.0157094,-0.40437698,0.0,0.0,0.0,0.017825615,0.0,0.0,0.0,0.0,0.0,0.2621252,0.26212615,0.5721102,0.39096764,0.39096686,4.056874,0.0,0.0,0.0,0.09014772,0.0,0.0,0.0,0.0,0.0,0.0002868238,0.011590286,0.023240142,0.0,0.0,0.0,0.0,0.0,0.0
1739903331,0.12897947,-0.053294554,0.034460783,0.031377792,0.026734829,-0.056427002,0.0,0.0,0.0,-0.038862493,0.0,0.0,0.0,0.0,0.0,0.26211235,0.2621149,0.57204133,0.39099413,0.39099354,4.056733,0.0,0.0,0.0,0.09014782,0.0,0.0,0.0,0.0,0.0,0.00039170193,0.012147544,0.02385865,0.0,0.0,0.0,0.0,0.0,0.0
1740103347,0.12014072,-0.05435579,0.008998036,0.033625603,0.025262833,-0.8526077,0.0,0.0,0.0,-0.020861223,0.0,0.0,0.0,0.0,0.0,0.26211715,0.26212087,0.572055,0.39218777,0.39218754,4.0566072,0.0,0.0,0.0,0.09014778,0.0,0.0,0.0,0.0,0.0,0.00041415368,0.012115173,0.024344051,0.0,0.0,0.0,0.0,0.0,0.0
1740304011,-0.032743108,-0.12295607,0.012683749,0.021061897,0.020072937,-0.5409546,0.0,0.0,0.0,-0.015631204,0.0,0.0,0.0,0.0,0.0,0.2621173,0.2621235,0.57206666,0.39219517,0.3921954,4.056728,0.0,0.0,0.0,0.09014784,0.0,0.0,0.0,0.0,0.0,0.00066649035,0.009612968,0.023335807,0.0,0.0,0.0,0.0,0.0,0.0
1740504618,0.06206093,-0.03137727,-0.050257802,0.019934654,0.014665604,0.12577057,0.0,0.0,0.0,-0.04394403,0.0,0.0,0.0,0.0,0.0,0.26211154,0.2621205,0.5720801,0.3934037,0.3934046,4.0566497,0.0,0.0,0.0,0.09014776,0.0,0.0,0.0,0.0,0.0,0.00051046076,0.0076109227,0.019441614,0.0,0.0,0.0,0.0,0.0,0.0
1740704876,0.0031055063,-0.0073760077,0.08416307,-0.0022029877,0.022267342,-0.3074112,0.0,0.0,0.0,-0.014081122,0.0,0.0,0.0,0.0,0.0,0.26211798,0.262128,0.5720942,0.39344823,0.3934499,4.056798,0.0,0.0,0.0,0.090147756,0.0,0.0,0.0,0.0,0.0,0.00016137474,0.0021915925,0.0065947836,0.0,0.0,0.0,0.0,0.0,0.0
1741916853,-0.0040169954,-0.0058268346,0.16915798,-0.06377792,-0.020874977,-0.1597271,0.0,0.0,0.0,-0.03113529,0.0,0.0,0.0,0.0,0.0,0.26208603,0.2620878,0.57209575,0.3885182,0.38852242,4.05665,0.0,0.0,0.0,0.09014759,0.0,0.0,0.0,0.0,0.0,0.0005472944,0.009199223,0.032082845,0.0,0.0,0.0,0.0,0.0,0.0
1742923421,-0.027693667,-0.08383757,-0.004984975,-0.14119911,-0.024830818,-0.08047676,0.0,0.0,0.0,-0.023574704,0.0,0.0,0.0,0.0,0.0,0.26206902,0.26207,0.5720867,0.38846603,0.3884669,4.056891,0.0,0.0,0.0,0.09014757,0.0,0.0,0.0,0.0,0.0,0.00038143224,0.011342372,0.030216735,0.0,0.0,0.0,0.0,0.0,0.0
1743123839,0.0107923895,-0.10986775,0.11589885,-0.12666035,-0.048020363,-0.18533516,0.0,0.0,0.0,0.016544046,0.0,0.0,0.0,0.0,0.0,0.2620718,0.2620747,0.5720991,0.38847038,0.38847077,4.056725,0.0,0.0,0.0,0.09014752,0.0,0.0,0.0,0.0,0.0,0.0005768653,0.012835118,0.035810348,0.0,0.0,0.0,0.0,0.0,0.0
1743328846,0.15319583,-0.07956113,0.09923375,-0.110445976,-0.04583645,-0.21922302,0.0,0.0,0.0,-0.0579117,0.0,0.0,0.0,0.0,0.0,0.26207492,0.2620786,0.572035,0.38731146,0.38731155,4.056653,0.0,0.0,0.0,0.09014753,0.0,0.0,0.0,0.0,0.0,0.00059287663,0.0068658283,0.01854284,0.0,0.0,0.0,0.0,0.0,0.0
1743528849,-0.005669698,-0.06886658,-0.043613553,-0.10919666,-0.05375862,-0.58766174,0.0,0.0,0.0,-0.019601844,0.0,0.0,0.0,0.0,0.0,0.26206693,0.2620703,0.5720519,0.38729241,0.38729241,4.0565453,0.0,0.0,0.0,0.0901474,0.0,0.0,0.0,0.0,0.0,0.000528401,0.0063132425,0.0158773,0.0,0.0,0.0,0.0,0.0,0.0
1743729421,0.06430104,-0.074576885,0.012269497,-0.10588455,-0.052968025,0.4082489,0.0,0.0,0.0,-0.032782853,0.0,0.0,0.0,0.0,0.0,0.2620607,0.26206306,0.57206863,0.3872521,0.38725215,4.056476,0.0,0.0,0.0,0.0901474,0.0,0.0,0.0,0.0,0.0,0.000689532,0.010542287,0.031763148,0.0,0.0,0.0,0.0,0.0,0.0
1743930273,-0.023946263,-0.025219908,0.062092304,-0.103598595,-0.052487373,0.3925972,0.0,0.0,0.0,-0.01779135,0.0,0.0,0.0,0.0,0.0,0.26206425,0.26206553,0.5720869,0.386081,0.38608116,4.0566497,0.0,0.0,0.0,0.09014749,0.0,0.0,0.0,0.0,0.0,0.0006027532,0.00430942,0.011428285,0.0,0.0,0.0,0.0,0.0,0.0
1744131255,0.09851904,-0.052889757,-0.042009234,-0.08653259,-0.056853294,-0.24336433,0.0,0.0,0.0,0.013414655,0.0,0.0,0.0,0.0,0.0,0.26207018,0.2620695,0.5720246,0.38605744,0.38605756,4.0565457,0.0,0.0,0.0,0.09014735,0.0,0.0,0.0,0.0,0.0,0.0006309971,0.0064946967,0.021263178,0.0,0.0,0.0,0.0,0.0,0.0
1744331025,0.09266222,-0.12351652,0.016576529,-0.060725212,-0.06857681,0.10671806,0.0,0.0,0.0,-0.013975749,0.0,0.0,0.0,0.0,0.0,0.26207536,0.26207414,0.5720408,0.38601202,0.38601205,4.056453,0.0,0.0,0.0,0.09014729,0.0,0.0,0.0,0.0,0.0,0.00035501664,0.0067415074,0.014859089,0.0,0.0,0.0,0.0,0.0,0.0
1744531809,0.059099674,-0.08176326,0.1182307,-0.0518713,-0.08091736,0.54831314,0.0,0.0,0.0,-0.012244593,0.0,0.0,0.0,0.0,0.0,0.26208314,0.2620819,0.5720578,0.38483942,0.3848393,4.0566,0.0,0.0,0.0,0.090147294,0.0,0.0,0.0,0.0,0.0,0.0004497784,0.007236208,0.0183736,0.0,0.0,0.0,0.0,0.0,0.0
1744732864,0.046967313,-0.02056551,0.082466125,-0.04857731,-0.076262474,-0.39403725,0.0,0.0,0.0,-0.044367887,0.0,0.0,0.0,0.0,0.0,0.2620238,0.26202267,0.5720393,0.38452032,0.38452002,4.0567584,0.0,0.0,0.0,0.0901473,0.0,0.0,0.0,0.0,0.0,0.00053591246,0.0045022396,0.0110297175,0.0,0.0,0.0,0.0,0.0,0.0
1744932604,0.08716109,-0.07442794,0.10075283,-0.03281212,-0.07527828,0.21759796,0.0,0.0,0.0,-0.004016923,0.0,0.0,0.0,0.0,0.0,0.26207826,0.26207697,0.57208335,0.3848021,0.38480163,4.0566893,0.0,0.0,0.0,0.090147234,0.0,0.0,0.0,0.0,0.0,0.00061293953,0.0066117253,0.01601486,0.0,0.0,0.0,0.0,0.0,0.0
1745137399,0.23732124,-0.04809151,0.09556234,-0.01437664,-0.08027363,-0.34670258,0.0,0.0,0.0,-0.05373045,0.0,0.0,0.0,0.0,0.0,0.26202202,0.2620203,0.5720656,0.3833329,0.38333228,4.056819,0.0,0.0,0.0,0.09014724,0.0,0.0,0.0,0.0,0.0,0.0005964742,0.012436152,0.028220931,0.0,0.0,0.0,0.0,0.0,0.0
1745338228,0.09133998,-0.04553145,0.12748408,-0.014140129,-0.07848263,1.1185188,0.0,0.0,0.0,0.07122041,0.0,0.0,0.0,0.0,0.0,0.262025,0.2620233,0.57207817,0.382177,0.38217622,4.056694,0.0,0.0,0.0,0.09014726,0.0,0.0,0.0,0.0,0.0,0.00052863994,0.014132086,0.03988007,0.0,0.0,0.0,0.0,0.0,0.0
1745538503,0.07091539,-0.111100346,0.17570138,-0.007078171,-0.08808613,-0.8569584,0.0,0.0,0.0,0.019639172,0.0,0.0,0.0,0.0,0.0,0.26214293,0.2621406,0.57207507,0.3827245,0.38272348,4.0568433,0.0,0.0,0.0,0.090147264,0.0,0.0,0.0,0.0,0.0,0.0005318733,0.008575076,0.019270187,0.0,0.0,0.0,0.0,0.0,0.0
1745743318,0.07072609,-0.057914883,0.10970676,-0.012236595,-0.07758045,-0.20078087,0.0,0.0,0.0,-0.008611901,0.0,0.0,0.0,0.0,0.0,0.2620692,0.2620653,0.57205445,0.38234675,0.38234547,4.0567627,0.0,0.0,0.0,0.09014728,0.0,0.0,0.0,0.0,0.0,0.0005019117,0.006491467,0.015892496,0.0,0.0,0.0,0.0,0.0,0.0
1745944025,0.057978854,-0.04916969,0.2239275,-0.014930725,-0.07520294,-0.5369358,0.0,0.0,0.0,0.020176569,0.0,0.0,0.0,0.0,0.0,0.26200992,0.26200536,0.57203656,0.38202146,0.3820199,4.0569034,0.0,0.0,0.0,0.09014714,0.0,0.0,0.0,0.0,0.0,0.0005758799,0.004239929,0.011006802,0.0,0.0,0.0,0.0,0.0,0.0
1746148840,0.110511616,-0.06146603,0.0868299,-0.012410164,-0.067150116,0.28667068,0.0,0.0,0.0,0.054786168,0.0,0.0,0.0,0.0,0.0,0.2620036,0.26199877,0.57204837,0.38084966,0.38084775,4.0569077,0.0,0.0,0.0,0.09014707,0.0,0.0,0.0,0.0,0.0,0.00032202547,0.008869827,0.026253816,0.0,0.0,0.0,0.0,0.0,0.0
1746348964,0.11304161,-0.015520811,-0.049258113,-0.01056385,-0.06894302,-0.21095657,0.0,0.0,0.0,0.06669366,0.0,0.0,0.0,0.0,0.0,0.2620307,0.2620263,0.5720849,0.37983638,0.37983412,4.0567737,0.0,0.0,0.0,0.09014716,0.0,0.0,0.0,0.0,0.0,0.00027313072,0.0064085005,0.0191614,0.0,0.0,0.0,0.0,0.0,0.0
1746549656,-0.032531247,0.00014679879,0.035790563,-0.018484116,-0.057162285,0.3598976,0.0,0.0,0.0,-0.014334125,0.0,0.0,0.0,0.0,0.0,0.26203084,0.26202646,0.5720976,0.37979603,0.37979338,4.0568943,0.0,0.0,0.0,0.09014709,0.0,0.0,0.0,0.0,0.0,0.0002930047,0.0071749236,0.025148587,0.0,0.0,0.0,0.0,0.0,0.0
1746750202,0.13100931,-0.10052246,-0.045273542,-0.014732361,-0.049869537,-0.20161629,0.0,0.0,0.0,-0.0029082391,0.0,0.0,0.0,0.0,0.0,0.26194632,0.26194128,0.57206935,0.3793317,0.3793288,4.0568953,0.0,0.0,0.0,0.09014709,0.0,0.0,0.0,0.0,0.0,0.00041912962,0.004524111,0.009936951,0.0,0.0,0.0,0.0,0.0,0.0
1746954279,0.06398375,-0.033234365,0.09291482,-0.023470879,-0.039889336,0.5207939,0.0,0.0,0.0,0.060015984,0.0,0.0,0.0,0.0,0.0,0.26200905,0.2620039,0.5720315,0.37847158,0.37846825,4.0568094,0.0,0.0,0.0,0.090147115,0.0,0.0,0.0,0.0,0.0,0.0002239852,0.0056603923,0.017483767,0.0,0.0,0.0,0.0,0.0,0.0
1747155025,0.022883195,-0.031027507,0.043772817,-0.028251648,-0.030503273,0.08940697,0.0,0.0,0.0,-0.012766669,0.0,0.0,0.0,0.0,0.0,0.26200986,0.2620042,0.57204515,0.3784489,0.3784452,4.0566635,0.0,0.0,0.0,0.09014705,0.0,0.0,0.0,0.0,0.0,0.00029983057,0.0033460907,0.009502969,0.0,0.0,0.0,0.0,0.0,0.0
1747356031,0.040383592,0.027193926,0.036997795,-0.027988434,-0.016794205,0.02812004,0.0,0.0,0.0,-0.027471386,0.0,0.0,0.0,0.0,0.0,0.26201272,0.2620065,0.57205814,0.3784309,0.37842682,4.0568104,0.0,0.0,0.0,0.09014714,0.0,0.0,0.0,0.0,0.0,0.00049948564,0.005210468,0.012456418,0.0,0.0,0.0,0.0,0.0,0.0
1747559996,-0.004646521,-0.03983292,0.08708191,-0.027293205,-0.014181137,0.204525,0.0,0.0,0.0,-0.02129783,0.0,0.0,0.0,0.0,0.0,0.26199007,0.2619831,0.5720641,0.37827307,0.3782686,4.056873,0.0,0.0,0.0,0.09014715,0.0,0.0,0.0,0.0,0.0,0.00074525713,0.0048271753,0.011944371,0.0,0.0,0.0,0.0,0.0,0.0
1747760934,-0.114525124,0.12179163,0.008450985,-0.043421745,0.0032110214,-0.47346306,0.0,0.0,0.0,-0.039407004,0.0,0.0,0.0,0.0,0.0,0.26200736,0.26199827,0.5720751,0.3782567,0.3782517,4.05675,0.0,0.0,0.0,0.090147234,0.0,0.0,0.0,0.0,0.0,0.00068560406,0.011185801,0.021562288,0.0,0.0,0.0,0.0,0.0,0.0
1747965385,0.029173814,0.04825294,0.11518073,-0.048083305,0.016996384,0.4562645,0.0,0.0,0.0,-0.058902673,0.0,0.0,0.0,0.0,0.0,0.26201108,0.26200128,0.57209,0.37827513,0.37826952,4.056879,0.0,0.0,0.0,0.09014717,0.0,0.0,0.0,0.0,0.0,0.0007402645,0.010363732,0.02216388,0.0,0.0,0.0,0.0,0.0,0.0
1748166484,0.18961015,-0.073923334,0.14168096,-0.018751144,0.0046596527,0.043333054,0.0,0.0,0.0,0.006880112,0.0,0.0,0.0,0.0,0.0,0.26195765,0.26194936,0.57206964,0.37685087,0.37684494,4.0570173,0.0,0.0,0.0,0.09014728,0.0,0.0,0.0,0.0,0.0,0.00047143316,0.0055485032,0.013719191,0.0,0.0,0.0,0.0,0.0,0.0
1748367026,0.11263928,-0.032576993,0.15917337,-0.0151491165,0.007665634,0.57556915,0.0,0.0,0.0,0.007975742,0.0,0.0,0.0,0.0,0.0,0.26208103,0.26207507,0.5720634,0.37746745,0.37746114,4.056873,0.0,0.0,0.0,0.09014722,0.0,0.0,0.0,0.0,0.0,0.0006927376,0.0056974064,0.01475832,0.0,0.0,0.0,0.0,0.0,0.0
1748570983,0.051867325,-0.034008905,0.11207366,-0.030895233,0.005839348,0.19179153,0.0,0.0,0.0,-0.020748783,0.0,0.0,0.0,0.0,0.0,0.2621218,0.26211867,0.5720253,0.3776841,0.377678,4.0567884,0.0,0.0,0.0,0.09014714,0.0,0.0,0.0,0.0,0.0,0.0005479402,0.007238769,0.02049072,0.0,0.0,0.0,0.0,0.0,0.0
1748772279,-0.0611884,0.04813716,0.10573411,-0.043081284,0.015932083,0.424366,0.0,0.0,0.0,-0.019737918,0.0,0.0,0.0,0.0,0.0,0.26198927,0.26198846,0.572053,0.37702456,0.37701935,4.056643,0.0,0.0,0.0,0.09014715,0.0,0.0,0.0,0.0,0.0,0.00035340994,0.011999315,0.035606783,0.0,0.0,0.0,0.0,0.0,0.0
1748972855,0.033935975,0.06816982,0.03169763,-0.045817375,0.024014473,0.36899185,0.0,0.0,0.0,-0.094762385,0.0,0.0,0.0,0.0,0.0,0.26198843,0.2619886,0.57206696,0.37700891,0.37700462,4.056666,0.0,0.0,0.0,0.090147234,0.0,0.0,0.0,0.0,0.0,0.000506977,0.0071997317,0.014942568,0.0,0.0,0.0,0.0,0.0,0.0
1749176888,-0.028514408,-0.032124393,0.104436636,-0.05774212,0.021105766,0.33509445,0.0,0.0,0.0,-0.016808322,0.0,0.0,0.0,0.0,0.0,0.26195964,0.26195997,0.57207334,0.37803304,0.37802988,4.056872,0.0,0.0,0.0,0.09014725,0.0,0.0,0.0,0.0,0.0,0.00049132307,0.005819585,0.013102843,0.0,0.0,0.0,0.0,0.0,0.0
1749377694,0.054957993,-0.07594143,0.022770643,-0.04499817,0.008694649,-0.75483894,0.0,0.0,0.0,-0.030759038,0.0,0.0,0.0,0.0,0.0,0.261963,0.2619628,0.57200736,0.3780842,0.3780822,4.056722,0.0,0.0,0.0,0.09014734,0.0,0.0,0.0,0.0,0.0,0.00036182793,0.0020752014,0.006307761,0.0,0.0,0.0,0.0,0.0,0.0
1749578437,0.036046732,-0.11289031,0.113871455,-0.044412613,-0.0070943832,0.35324478,0.0,0.0,0.0,-0.012622748,0.0,0.0,0.0,0.0,0.0,0.26197806,0.2619769,0.5720227,0.37928152,0.3792805,4.0566163,0.0,0.0,0.0,0.09014728,0.0,0.0,0.0,0.0,0.0,0.0004162428,0.00301621,0.0068068854,0.0,0.0,0.0,0.0,0.0,0.0
1749778596,-0.008988991,0.09302515,0.18610966,-0.037670135,-0.00064086914,0.08636284,0.0,0.0,0.0,-0.031926632,0.0,0.0,0.0,0.0,0.0,0.2619892,0.26198816,0.5720383,0.3793127,0.3793125,4.0567946,0.0,0.0,0.0,0.09014729,0.0,0.0,0.0,0.0,0.0,0.00041359002,0.0056778872,0.015048315,0.0,0.0,0.0,0.0,0.0,0.0
1749983330,0.010510892,0.0013216138,0.09238601,-0.045045853,0.0016546249,-0.5335903,0.0,0.0,0.0,0.008046089,0.0,0.0,0.0,0.0,0.0,0.26199657,0.26199624,0.57205343,0.38052598,0.3805263,4.0567026,0.0,0.0,0.0,0.09014722,0.0,0.0,0.0,0.0,0.0,0.00043342056,0.0036002225,0.009183412,0.0,0.0,0.0,0.0,0.0,0.0
1750184152,0.06646627,0.009592913,0.13731503,-0.0366354,-0.00022029877,-0.4123993,0.0,0.0,0.0,-0.083260894,0.0,0.0,0.0,0.0,0.0,0.2619735,0.2619748,0.572063,0.38160536,0.38160607,4.056736,0.0,0.0,0.0,0.090147294,0.0,0.0,0.0,0.0,0.0,0.0007115348,0.003843784,0.011151322,0.0,0.0,0.0,0.0,0.0,0.0
1750388038,0.03429065,-0.009240277,0.14721358,-0.037172318,-0.006567955,-0.35616112,0.0,0.0,0.0,-0.02137693,0.0,0.0,0.0,0.0,0.0,0.2619915,0.26199424,0.57207644,0.38167322,0.3816743,4.056897,0.0,0.0,0.0,0.09014739,0.0,0.0,0.0,0.0,0.0,0.0007480759,0.0048289723,0.015243228,0.0,0.0,0.0,0.0,0.0,0.0
1750588880,0.03809256,0.009723379,0.031998754,-0.03394127,0.0012464523,0.6872139,0.0,0.0,0.0,-0.023252461,0.0,0.0,0.0,0.0,0.0,0.26200724,0.26200962,0.5720093,0.38176343,0.38176477,4.0567737,0.0,0.0,0.0,0.09014741,0.0,0.0,0.0,0.0,0.0,0.00073068734,0.0035543204,0.009049119,0.0,0.0,0.0,0.0,0.0,0.0
1750793648,0.1409005,-0.029267265,0.05799246,-0.026460648,-0.00744915,-0.2420559,0.0,0.0,0.0,-0.026199663,0.0,0.0,0.0,0.0,0.0,0.26196286,0.26196453,0.57199186,0.38155052,0.38155198,4.056973,0.0,0.0,0.0,0.09014733,0.0,0.0,0.0,0.0,0.0,0.00074487104,0.0032718352,0.0064933803,0.0,0.0,0.0,0.0,0.0,0.0
1750994422,0.09657795,-0.010512134,0.10075891,-0.023522377,-0.007757187,-0.18664742,0.0,0.0,0.0,-0.016325712,0.0,0.0,0.0,0.0,0.0,0.2619917,0.26199278,0.5720054,0.38162768,0.3816292,4.0568447,0.0,0.0,0.0,0.09014727,0.0,0.0,0.0,0.0,0.0,0.00061255344,0.0057798424,0.016641382,0.0,0.0,0.0,0.0,0.0,0.0
1751194500,-0.012559146,0.0854546,0.011415482,-0.0365839,0.006667137,0.2382698,0.0,0.0,0.0,-0.02876295,0.0,0.0,0.0,0.0,0.0,0.26206693,0.2620675,0.5720511,0.3820138,0.3820152,4.05673,0.0,0.0,0.0,0.09014737,0.0,0.0,0.0,0.0,0.0,0.00046310909,0.003718938,0.007722693,0.0,0.0,0.0,0.0,0.0,0.0
1751399226,0.0555128,-0.00076648965,0.03249061,-0.021976471,0.012645721,-0.3392334,0.0,0.0,0.0,0.0006374847,0.0,0.0,0.0,0.0,0.0,0.26211503,0.26211503,0.5720186,0.38235062,0.38235182,4.0569067,0.0,0.0,0.0,0.090147324,0.0,0.0,0.0,0.0,0.0,0.00062433066,0.0048013623,0.012614279,0.0,0.0,0.0,0.0,0.0,0.0
1751600077,0.034332886,-0.020273538,0.07719016,-0.029943466,0.009654045,-0.003911972,0.0,0.0,0.0,0.013112303,0.0,0.0,0.0,0.0,0.0,0.26207337,0.26207295,0.5720244,0.38335723,0.3833581,4.056657,0.0,0.0,0.0,0.09014733,0.0,0.0,0.0,0.0,0.0,0.00046594092,0.0012909917,0.0032697516,0.0,0.0,0.0,0.0,0.0,0.0
1751800145,-0.029883437,-0.00877022,0.021089911,-0.020338058,0.012454987,0.37481308,0.0,0.0,0.0,0.009402059,0.0,0.0,0.0,0.0,0.0,0.262002,0.26200143,0.57200783,0.38422662,0.3842271,4.0568314,0.0,0.0,0.0,0.09014733,0.0,0.0,0.0,0.0,0.0,5.461423e-05,0.0028814403,0.006571213,0.0,0.0,0.0,0.0,0.0,0.0
1752000861,0.0049673505,0.047969803,-0.06127119,-0.037686348,0.0184021,-0.22441292,0.0,0.0,0.0,0.028391149,0.0,0.0,0.0,0.0,0.0,0.26200625,0.2620058,0.5720221,0.38431272,0.38431287,4.056693,0.0,0.0,0.0,0.09014733,0.0,0.0,0.0,0.0,0.0,0.00012061906,0.009323122,0.027287329,0.0,0.0,0.0,0.0,0.0,0.0
1752201667,-0.07675987,-0.04406859,-0.021323562,-0.054121017,0.014666557,0.47864532,0.0,0.0,0.0,-0.0051042996,0.0,0.0,0.0,0.0,0.0,0.26201338,0.26201203,0.5720384,0.3855466,0.3855465,4.0566454,0.0,0.0,0.0,0.09014735,0.0,0.0,0.0,0.0,0.0,0.00016201794,0.0060615223,0.01474421,0.0,0.0,0.0,0.0,0.0,0.0
1752402399,0.07108349,0.016012467,-0.02652824,-0.0504961,0.013168335,-0.4489174,0.0,0.0,0.0,-0.05401521,0.0,0.0,0.0,0.0,0.0,0.26199123,0.26198983,0.5720491,0.3854813,0.38548097,4.0566864,0.0,0.0,0.0,0.09014727,0.0,0.0,0.0,0.0,0.0,0.00037891444,0.0038236845,0.010698123,0.0,0.0,0.0,0.0,0.0,0.0
1752606463,0.12250108,-0.021047153,-0.060085893,-0.025798798,0.011258125,-0.59701157,0.0,0.0,0.0,-0.018280545,0.0,0.0,0.0,0.0,0.0,0.2620634,0.26206163,0.57201725,0.3858303,0.38582972,4.0568566,0.0,0.0,0.0,0.090147205,0.0,0.0,0.0,0.0,0.0,0.00013973459,0.0072263484,0.021514177,0.0,0.0,0.0,0.0,0.0,0.0
1752807401,0.030930204,0.03933496,0.05578792,-0.034475327,0.012393951,-0.06611824,0.0,0.0,0.0,0.040419072,0.0,0.0,0.0,0.0,0.0,0.26203135,0.26202962,0.57203066,0.38703108,0.3870303,4.056717,0.0,0.0,0.0,0.09014714,0.0,0.0,0.0,0.0,0.0,7.797714e-05,0.0028676828,0.008900605,0.0,0.0,0.0,0.0,0.0,0.0
1753007806,0.03248372,0.039449524,0.13094532,-0.028100967,0.0066804886,0.06668472,0.0,0.0,0.0,0.017748334,0.0,0.0,0.0,0.0,0.0,0.26193833,0.26193717,0.5720446,0.3870365,0.3870357,4.0569015,0.0,0.0,0.0,0.09014716,0.0,0.0,0.0,0.0,0.0,0.00013194016,0.002633889,0.008552563,0.0,0.0,0.0,0.0,0.0,0.0
1753212009,-0.03238992,0.01899866,0.239321,-0.036904335,0.0074796677,-0.4486351,0.0,0.0,0.0,-0.002719175,0.0,0.0,0.0,0.0,0.0,0.26184845,0.26184785,0.57206017,0.38822037,0.38821954,4.0570664,0.0,0.0,0.0,0.09014717,0.0,0.0,0.0,0.0,0.0,0.0004969311,0.0038274254,0.009951482,0.0,0.0,0.0,0.0,0.0,0.0
1753412629,0.0043281317,-0.020624079,0.16333878,-0.029753685,0.009432793,0.39857864,0.0,0.0,0.0,-0.043942608,0.0,0.0,0.0,0.0,0.0,0.26181477,0.26181626,0.5720713,0.38941047,0.38940966,4.0571823,0.0,0.0,0.0,0.09014791,0.0,0.0,0.0,0.0,0.0,0.0002291321,0.0055804816,0.0077004954,0.0,0.0,0.0,0.0,0.0,0.0
1753613776,0.11767459,0.030710548,0.025998473,-0.017457008,0.011995316,-0.51903915,0.0077747703,-0.006409342,-0.011957198,-0.036239814,0.0,0.0,0.0,0.0,0.0,0.2618279,0.26185745,0.5720693,0.39061466,0.39061415,4.057065,0.0032149828,0.0031965466,0.0032148503,0.09014816,0.0,0.0,0.0,0.0,0.0,0.00034789974,0.002137498,0.0049119988,0.0,0.0,0.0,0.0,0.0,0.0
1753817588,0.016977668,0.022031486,0.18718684,-0.023280144,0.0049390793,-0.41381836,-0.053227723,0.0002961727,0.03163594,-0.036239814,0.0,0.0,0.0,0.0,0.0,0.26176873,0.26188725,0.5720246,0.39034033,0.39034203,4.0569134,0.0027112777,0.0027075764,0.0027075054,0.09014816,0.0,0.0,0.0,0.0,0.0,0.00013346519,0.011251619,0.03640371,0.0,0.0,0.0,0.0,0.0,0.0
1754018563,-0.11128175,0.058165133,0.04611948,-0.033537865,-0.0028390884,-0.50637627,-0.0386457,0.005695682,0.026805162,-0.036239814,0.0,0.0,0.0,0.0,0.0,0.26170456,0.26191226,0.57194865,0.3903996,0.39040902,4.0566344,0.002666405,0.002647499,0.0026503801,0.09014816,0.0,0.0,0.0,0.0,0.0,0.00013383362,0.0018589254,0.004859629,0.0,0.0,0.0,0.0,0.0,0.0
1754227191,0.046648264,0.087768435,0.029829353,-0.010849953,-0.0006132126,0.73062515,-0.017250195,0.006430194,0.012916654,-0.036239814,0.0,0.0,0.0,0.0,0.0,0.2616515,0.26186812,0.57197416,0.38856182,0.38858187,4.0570683,0.0026410287,0.0026386974,0.0026152919,0.09014816,0.0,0.0,0.0,0.0,0.0,0.0001420783,0.010021669,0.033503134,0.0,0.0,0.0,0.0,0.0,0.0
1754427805,0.068252325,-0.058865547,-0.06380737,-0.010149956,0.029466629,0.72361755,-0.009014085,0.0016607046,-0.013291299,-0.036239814,0.0,0.0,0.0,0.0,0.0,0.2619884,0.2620925,0.5720003,0.3871915,0.3872265,4.057194,0.002617271,0.0026328238,0.0025876458,0.09014816,0.0,0.0,0.0,0.0,0.0,9.418582e-05,0.0089682685,0.03207954,0.0,0.0,0.0,0.0,0.0,0.0
1754628093,-0.03474307,0.100081325,0.12663949,-0.018651009,0.052306175,0.88615036,-0.009863064,-0.0060099214,-0.017255604,-0.036239814,0.0,0.0,0.0,0.0,0.0,0.2622341,0.2622283,0.57199186,0.38659555,0.38663533,4.0573006,0.002598057,0.002618124,0.0025668922,0.09014816,0.0,0.0,0.0,0.0,0.0,0.00014387582,0.010001479,0.034273975,0.0,0.0,0.0,0.0,0.0,0.0
1754832881,-0.0053772926,0.051626086,0.021692097,0.058307648,0.030888557,-0.3014412,0.002712205,-0.0045511425,-0.029347837,-0.036239814,0.0,0.0,0.0,0.0,0.0,0.2621674,0.26210532,0.572058,0.3832894,0.3833232,4.0576525,0.0025804173,0.0025952864,0.0025516727,0.09014816,0.0,0.0,0.0,0.0,0.0,0.0001531008,0.007526277,0.027903723,0.0,0.0,0.0,0.0,0.0,0.0
1755037649,0.035275817,-0.016922832,0.020572007,0.091052055,0.01649952,0.73501205,0.005368665,0.015271366,-0.015467942,-0.036239814,0.0,0.0,0.0,0.0,0.0,0.26234576,0.26225623,0.57205635,0.38445136,0.3844755,4.0574045,0.0025671378,0.0025756555,0.0025424897,0.09014816,0.0,0.0,0.0,0.0,0.0,0.00014537528,0.0070284083,0.026037607,0.0,0.0,0.0,0.0,0.0,0.0
1755237629,0.05709696,-0.01752901,0.04479848,0.128829,0.034451485,0.27531433,0.0013765544,-0.011849746,-0.018196076,-0.036239814,0.0,0.0,0.0,0.0,0.0,0.26264206,0.26254493,0.5720096,0.3859126,0.38592502,4.0574946,0.002557314,0.0025623085,0.0025369846,0.09014816,0.0,0.0,0.0,0.0,0.0,0.00025884475,0.0060432735,0.019503983,0.0,0.0,0.0,0.0,0.0,0.0
1755438495,0.05373609,0.10106981,-0.07099972,0.18129683,0.03618908,0.8237953,0.005902663,0.00067307055,0.0018000901,-0.036239814,0.0,0.0,0.0,0.0,0.0,0.26287383,0.26276845,0.5719839,0.38682276,0.38682404,4.057539,0.0025491717,0.0025522735,0.0025329355,0.09014816,0.0,0.0,0.0,0.0,0.0,0.00035447825,0.009791933,0.031619865,0.0,0.0,0.0,0.0,0.0,0.0
1755639240,0.013670087,-0.039000273,-0.07832642,0.1881342,0.035017967,0.22447205,0.008716032,-0.0009928495,-0.006647229,-0.036239814,0.0,0.0,0.0,0.0,0.0,0.26332933,0.26321128,0.57202095,0.38958395,0.38957253,4.057324,0.0025416766,0.0025436748,0.0025293708,0.09014816,0.0,0.0,0.0,0.0,0.0,0.00030310333,0.007025416,0.022225857,0.0,0.0,0.0,0.0,0.0,0.0
1755840042,-0.053575277,0.021777749,-0.03806403,0.20503855,0.038118362,-0.07746315,0.00063979626,0.008890033,0.0039696693,-0.036239814,0.0,0.0,0.0,0.0,0.0,0.26373422,0.26359844,0.5720278,0.39091152,0.3908878,4.0574403,0.0025365914,0.0025378584,0.0025268774,0.09014816,0.0,0.0,0.0,0.0,0.0,0.00017294356,0.0051258784,0.017993126,0.0,0.0,0.0,0.0,0.0,0.0
1756039801,0.011927724,-0.037205458,-0.12252469,0.29137516,-0.027132988,-0.2954197,-0.011630133,0.00027817488,0.020365924,-0.036239814,0.0,0.0,0.0,0.0,0.0,0.26424298,0.26406935,0.57202005,0.39261436,0.39256915,4.0573845,0.0025340742,0.0025340742,0.0025254583,0.09014816,0.0,0.0,0.0,0.0,0.0,0.00077014277,0.02378987,0.058220368,0.0,0.0,0.0,0.0,0.0,0.0
1756244805,0.06311023,0.011918545,0.00790276,0.28257942,-0.027050018,-0.02936554,-0.008713886,0.0056714416,0.020706713,-0.036239814,0.0,0.0,0.0,0.0,0.0,0.26465842,0.2644608,0.5720262,0.39418572,0.3941217,4.057452,0.0025443623,0.002534109,0.0025284912,0.09014816,0.0,0.0,0.0,0.0,0.0,0.00082466775,0.026617553,0.061661202,0.0,0.0,0.0,0.0,0.0,0.0
1756445904,0.06311023,0.011918545,0.00790276,0.28257942,-0.027050018,0.33932877,-0.0003272593,-0.0036232024,-0.014561385,-0.036239814,0.0,0.0,0.0,0.0,0.0,0.26465842,0.2644608,0.5720262,0.39418572,0.3941217,4.057535,0.0025548656,0.0025371155,0.002533973,0.09014816,0.0,0.0,0.0,0.0,0.0,0.0004463913,0.0102117825,0.023663705,0.0,0.0,0.0,0.0,0.0,0.0
1756650433,0.014108062,0.032127857,-0.0057498645,0.25630808,-0.00050640106,-0.3618183,0.009655178,-0.008549601,-0.004022658,-0.036239814,0.0,0.0,0.0,0.0,0.0,0.2652313,0.26505736,0.57200736,0.39882663,0.39872944,4.0573215,0.0025476974,0.0025385467,0.0025349618,0.09014816,0.0,0.0,0.0,0.0,0.0,0.00034413993,0.007003439,0.017888911,0.0,0.0,0.0,0.0,0.0,0.0
1756854613,0.0071282685,-0.018781424,-0.07599397,0.24227476,-1.5258789e-05,0.3862877,-0.014174134,0.0012122542,0.021191716,-0.036239814,0.0,0.0,0.0,0.0,0.0,0.26555437,0.26554576,0.571958,0.40433708,0.4042077,4.057167,0.002537474,0.0025364065,0.0025322817,0.09014816,0.0,0.0,0.0,0.0,0.0,0.00031982316,0.009243289,0.029375097,0.0,0.0,0.0,0.0,0.0,0.0
1757055273,0.024756491,-0.022485971,-0.05090589,0.2449646,-0.033400536,0.056430817,-0.005281493,0.0057712644,0.009587228,-0.036239814,0.0,0.0,0.0,0.0,0.0,0.26557174,0.26583633,0.5719361,0.40921766,0.40907574,4.0572467,0.002529611,0.0025313774,0.002527648,0.09014816,0.0,0.0,0.0,0.0,0.0,0.00035151938,0.006120825,0.019857453,0.0,0.0,0.0,0.0,0.0,0.0
1757259796,-0.04571134,-0.03599167,-0.10386464,0.21042442,-0.098929405,0.027992249,-0.0020499527,-0.008932993,-0.015711695,-0.036239814,0.0,0.0,0.0,0.0,0.0,0.2654815,0.26634955,0.57201695,0.41566515,0.4155674,4.056925,0.0025224525,0.002526049,0.0025223617,0.09014816,0.0,0.0,0.0,0.0,0.0,0.000712906,0.018891836,0.05145434,0.0,0.0,0.0,0.0,0.0,0.0
1757460204,-0.07901716,-0.04218781,-0.010836467,0.20132351,-0.116641045,0.1899643,0.0046678036,-0.011288971,-0.022463948,-0.036239814,0.0,0.0,0.0,0.0,0.0,0.26543775,0.2664857,0.5720056,0.4195074,0.41946918,4.056723,0.0025189267,0.0025229712,0.0025192953,0.09014816,0.0,0.0,0.0,0.0,0.0,0.00059671915,0.01392511,0.032729786,0.0,0.0,0.0,0.0,0.0,0.0
1757660807,-0.07901716,-0.04218781,-0.010836467,0.20132351,-0.116641045,0.29848862,-0.0040418655,-0.020122573,-0.018791437,-0.036239814,0.0,0.0,0.0,0.0,0.0,0.26543775,0.2664857,0.5720056,0.4195074,0.41946918,4.057071,0.0025168166,0.0025204082,0.0025169207,0.09014816,0.0,0.0,0.0,0.0,0.0,0.00028998125,0.007868025,0.016004818,0.0,0.0,0.0,0.0,0.0,0.0
1757861595,-0.13952851,0.0015956163,-0.17964512,0.22325277,-0.068068504,0.4238243,-0.010180801,-0.01821141,-0.017551571,-0.036239814,0.0,0.0,0.0,0.0,0.0,0.26569337,0.26686954,0.57204705,0.42473298,0.42479542,4.057195,0.0025159612,0.0025184746,0.0025154375,0.09014816,0.0,0.0,0.0,0.0,0.0,0.00018862043,0.00979713,0.022657081,0.0,0.0,0.0,0.0,0.0,0.0
1758061670,-0.08094323,-0.05152011,-0.030156016,0.19739246,-0.08379364,1.4479942,-0.0047475547,-0.00024056435,-0.0126723945,-0.036239814,0.0,0.0,0.0,0.0,0.0,0.26564616,0.26679054,0.5720678,0.42759722,0.42775375,4.0573096,0.0025154308,0.002516526,0.0025141912,0.09014816,0.0,0.0,0.0,0.0,0.0,0.00027126752,0.007923406,0.015904061,0.0,0.0,0.0,0.0,0.0,0.0
1758262498,-0.19969916,0.032446742,-0.26495567,0.16971874,-0.058763504,0.37607193,-0.008453846,0.0067762136,0.0056236386,-0.036239814,0.0,0.0,0.0,0.0,0.0,0.2654404,0.2663284,0.57209545,0.43194783,0.43226933,4.0574317,0.0025150029,0.002515427,0.0025134305,0.09014816,0.0,0.0,0.0,0.0,0.0,0.00018844132,0.012148319,0.024273219,0.0,0.0,0.0,0.0,0.0,0.0
1758463347,-0.06394434,0.04035151,-0.10835837,0.15325928,-0.055257797,1.0500145,0.012708679,-6.303191e-06,-0.031005442,-0.036239814,0.0,0.0,0.0,0.0,0.0,0.26527515,0.26598397,0.5720962,0.43577477,0.43614802,4.0576253,0.0025145716,0.0025145088,0.0025127865,0.09014816,0.0,0.0,0.0,0.0,0.0,0.00010864661,0.0055007567,0.008566383,0.0,0.0,0.0,0.0,0.0,0.0
1758663301,-0.0064888,0.022703886,-0.016038282,0.18314838,-0.04268837,-1.2831802,-0.0051856637,-0.0096536875,-0.008538246,-0.036239814,0.0,0.0,0.0,0.0,0.0,0.26513994,0.2656844,0.57210135,0.4373151,0.43773004,4.0576987,0.0025139563,0.0025137675,0.0025122114,0.09014816,0.0,0.0,0.0,0.0,0.0,0.00019801335,0.009436187,0.029509028,0.0,0.0,0.0,0.0,0.0,0.0
1758868061,-0.123869896,0.010141373,-0.07332921,0.16087723,-0.03439331,0.6342697,-0.00899823,0.011891767,0.018149376,-0.036239814,0.0,0.0,0.0,0.0,0.0,0.26489335,0.2652807,0.5720747,0.43845373,0.4388817,4.0569596,0.0025133716,0.0025130294,0.0025116564,0.09014816,0.0,0.0,0.0,0.0,0.0,0.00020458149,0.007301258,0.017124074,0.0,0.0,0.0,0.0,0.0,0.0
1759069643,-0.18510652,0.036113143,-0.06510423,0.15543175,-0.0036678314,0.48197937,-0.00652878,-0.005278796,-0.010934025,-0.036239814,0.0,0.0,0.0,0.0,0.0,0.2647911,0.2650263,0.57210857,0.44025242,0.44068757,4.0581036,0.0025129656,0.0025126024,0.0025112566,0.09014816,0.0,0.0,0.0,0.0,0.0,0.00014747452,0.009672398,0.012969995,0.0,0.0,0.0,0.0,0.0,0.0
1759269756,-0.20219064,0.06922293,-0.046120636,0.10979462,-0.025058746,-0.5150242,-0.0018931478,0.004958734,0.0320206,-0.036239814,0.0,0.0,0.0,0.0,0.0,0.26445976,0.26457888,0.57211953,0.44095728,0.44136217,4.0575247,0.0025124943,0.0025122757,0.002510878,0.09014816,0.0,0.0,0.0,0.0,0.0,0.00036722654,0.015727697,0.02914712,0.0,0.0,0.0,0.0,0.0,0.0
1759477419,-0.11867905,0.014739752,-0.13067524,0.14313126,0.0035877228,-0.2672577,0.0061701983,-0.02090311,-0.033872873,-0.036239814,0.0,0.0,0.0,0.0,0.0,0.2644167,0.26442984,0.5721028,0.44309974,0.44348025,4.0581264,0.0025120608,0.0025119958,0.0025104939,0.09014816,0.0,0.0,0.0,0.0,0.0,0.00028572747,0.01074249,0.020625269,0.0,0.0,0.0,0.0,0.0,0.0
1759678497,-0.090254545,0.028247476,-0.12447173,0.12536716,-0.008337021,-0.3437271,-0.0037244856,0.017805964,0.022510976,-0.036239814,0.0,0.0,0.0,0.0,0.0,0.26421008,0.26415452,0.5721017,0.4443786,0.44471207,4.0578284,0.0025117928,0.0025118538,0.0025102259,0.09014816,0.0,0.0,0.0,0.0,0.0,0.00019387853,0.009367397,0.020442113,0.0,0.0,0.0,0.0,0.0,0.0
1759883350,-0.28594685,0.10706365,-0.035497542,0.078769684,-0.02492714,-0.32674026,-0.0063474923,-0.017284915,-0.037524164,-0.036239814,0.0,0.0,0.0,0.0,0.0,0.26392913,0.2638284,0.57215047,0.44407508,0.44435322,4.057595,0.0025113863,0.0025120254,0.0025099695,0.09014816,0.0,0.0,0.0,0.0,0.0,0.00040644768,0.018818522,0.03744417,0.0,0.0,0.0,0.0,0.0,0.0
1760087231,-0.14093375,0.016110301,-0.08321044,0.0757494,-0.036058426,-0.3230667,-0.0051876456,0.0058032125,0.007386476,-0.036239814,0.0,0.0,0.0,0.0,0.0,0.2637434,0.26362678,0.57207125,0.44537014,0.4455926,4.0573325,0.002511091,0.0025119542,0.0025096925,0.09014816,0.0,0.0,0.0,0.0,0.0,0.0004602061,0.014225229,0.028790507,0.0,0.0,0.0,0.0,0.0,0.0
1760284057,-0.2184403,0.09427726,-0.058751483,0.031811714,-0.053689957,-0.20451736,-0.0019682944,0.0057294816,0.011913717,-0.036239814,0.0,0.0,0.0,0.0,0.0,0.26344082,0.26333147,0.5720928,0.44468886,0.4448575,4.057381,0.002510812,0.002511467,0.0025093982,0.09014816,0.0,0.0,0.0,0.0,0.0,0.00050980365,0.017497795,0.034484908,0.0,0.0,0.0,0.0,0.0,0.0
1760488886,-0.11407781,0.07173371,0.039336942,0.08227253,-0.02221489,-0.3595066,8.793175e-05,-0.014388889,-0.03557393,-0.036239814,0.0,0.0,0.0,0.0,0.0,0.2634248,0.2633297,0.57208467,0.44542992,0.44554448,4.0573964,0.0025105418,0.002511182,0.002509143,0.09014816,0.0,0.0,0.0,0.0,0.0,0.0003235727,0.011221624,0.024326874,0.0,0.0,0.0,0.0,0.0,0.0
1760689639,-0.20763683,0.102133274,-0.06291739,0.076862335,-0.012861252,0.41853714,-0.007899448,0.0030130744,0.03809166,-0.036239814,0.0,0.0,0.0,0.0,0.0,0.26323816,0.2631766,0.5720915,0.4453718,0.44544142,4.057433,0.002510289,0.0025108596,0.0025088494,0.09014816,0.0,0.0,0.0,0.0,0.0,0.0003173343,0.014181812,0.030085782,0.0,0.0,0.0,0.0,0.0,0.0
1760889666,-0.1870637,0.09924114,-0.14246684,0.0301857,-0.031467438,-0.7032623,-0.0019572526,-0.0065306574,0.015752345,-0.036239814,0.0,0.0,0.0,0.0,0.0,0.26297313,0.2629452,0.5721146,0.44588915,0.4459235,4.0574718,0.0025100661,0.0025105607,0.002508613,0.09014816,0.0,0.0,0.0,0.0,0.0,0.00038321482,0.014083866,0.030735612,0.0,0.0,0.0,0.0,0.0,0.0
1761094461,-0.14816046,0.050573707,-0.062746935,0.05638981,0.013988495,-0.35009956,0.011766627,-0.010661989,-0.011158615,-0.036239814,0.0,0.0,0.0,0.0,0.0,0.26294896,0.26296276,0.57210445,0.44901878,0.44902214,4.057235,0.0025098266,0.0025099544,0.0025083104,0.09014816,0.0,0.0,0.0,0.0,0.0,0.0002644496,0.010665944,0.029536402,0.0,0.0,0.0,0.0,0.0,0.0
1761295013,-0.22139955,0.11309552,-0.12996061,0.018012047,0.010847092,0.14202881,-0.0021195114,0.008833066,0.015142798,-0.036239814,0.0,0.0,0.0,0.0,0.0,0.2627797,0.26283047,0.57208395,0.44988662,0.44987187,4.057023,0.0025096543,0.0025097264,0.0025081073,0.09014816,0.0,0.0,0.0,0.0,0.0,0.00036160415,0.013844528,0.032504678,0.0,0.0,0.0,0.0,0.0,0.0
1761495198,-0.14571488,0.07565546,-0.12712513,-0.0029335022,0.005809784,-0.5098839,-0.010261223,-0.0023414493,0.004729092,-0.014892161,0.0,0.0,0.0,0.0,0.0,0.26265803,0.26274166,0.57209116,0.45349604,0.4534692,4.057247,0.0025095637,0.002509597,0.002508012,0.09021861,0.0,0.0,0.0,0.0,0.0,0.0003559759,0.013407883,0.031581186,0.0,0.0,0.0,0.0,0.0,0.0
1761696010,-0.14885843,0.03379464,-0.16300426,-0.0047836304,0.016794205,0.06250572,-0.010261223,-0.0023414493,0.004729092,-0.0051303506,0.0,0.0,0.0,0.0,0.0,0.26266062,0.26276878,0.5721319,0.45763513,0.45760068,4.057287,0.0025095637,0.002509597,0.002508012,0.09021694,0.0,0.0,0.0,0.0,0.0,0.00047463863,0.010161368,0.024460347,0.0,0.0,0.0,0.0,0.0,0.0
1761896853,-0.09312451,0.02078712,0.04470858,-0.016510963,0.0034999847,-0.04638672,-0.010261223,-0.0023414493,0.004729092,-0.011098981,0.0,0.0,0.0,0.0,0.0,0.2625798,0.26271313,0.57213575,0.4613443,0.46131063,4.057234,0.0025095637,0.002509597,0.002508012,0.09021545,0.0,0.0,0.0,0.0,0.0,0.0009700872,0.009076326,0.025946656,0.0,0.0,0.0,0.0,0.0,0.0
1762097690,-0.07837629,0.114931345,-0.0372569,-0.011483192,0.010875702,0.4266281,-0.010261223,-0.0023414493,0.004729092,-0.06117958,0.0,0.0,0.0,0.0,0.0,0.2625427,0.26270393,0.57214564,0.46399546,0.46396828,4.0570326,0.0025095637,0.002509597,0.002508012,0.09021364,0.0,0.0,0.0,0.0,0.0,0.0003561086,0.011913836,0.03607529,0.0,0.0,0.0,0.0,0.0,0.0
1762301632,-0.06000185,0.048750043,-0.06070041,-0.02648735,0.01449585,-0.3760872,-0.010261223,-0.0023414493,0.004729092,-0.04391581,0.0,0.0,0.0,0.0,0.0,0.26249442,0.262678,0.57215166,0.46779418,0.46777812,4.057038,0.0025095637,0.002509597,0.002508012,0.09021182,0.0,0.0,0.0,0.0,0.0,0.0003511575,0.005183192,0.015681528,0.0,0.0,0.0,0.0,0.0,0.0
1762502402,-0.03654504,0.016000748,0.043574743,-0.024711609,0.018115997,0.13822365,-0.010261223,-0.0023414493,0.004729092,-0.0005273223,0.0,0.0,0.0,0.0,0.0,0.26248923,0.26268673,0.57216215,0.47178608,0.4717843,4.0571165,0.0025095637,0.002509597,0.002508012,0.09021019,0.0,0.0,0.0,0.0,0.0,0.00055743556,0.0028108219,0.00987936,0.0,0.0,0.0,0.0,0.0,0.0
1762703305,-0.04728818,-0.001491189,-0.14124368,0.0018482208,0.04227066,-0.41003227,-0.010261223,-0.0023414493,0.004729092,0.0046225786,0.0,0.0,0.0,0.0,0.0,0.26257288,0.26278448,0.5721237,0.47487533,0.4748909,4.057209,0.0025095637,0.002509597,0.002508012,0.09020851,0.0,0.0,0.0,0.0,0.0,0.00026261056,0.002897126,0.009465337,0.0,0.0,0.0,0.0,0.0,0.0
1762904078,-0.064750075,0.04218924,-0.118600056,0.00050735474,0.031009674,-0.46894264,-0.010261223,-0.0023414493,0.004729092,0.10673225,0.0,0.0,0.0,0.0,0.0,0.26252884,0.2627618,0.5720997,0.4772999,0.47733197,4.057303,0.0025095637,0.002509597,0.002508012,0.090207085,0.0,0.0,0.0,0.0,0.0,0.00045925518,0.010565444,0.032655574,0.0,0.0,0.0,0.0,0.0,0.0
1763104052,0.02614963,-0.009057283,0.015098266,0.009431839,0.024377823,-0.64408684,-0.010261223,-0.0023414493,0.004729092,0.033551753,0.0,0.0,0.0,0.0,0.0,0.26254904,0.26280004,0.5721059,0.4787929,0.4788446,4.057106,0.0025095637,0.002509597,0.002508012,0.09020532,0.0,0.0,0.0,0.0,0.0,0.00039778094,0.011308447,0.03782179,0.0,0.0,0.0,0.0,0.0,0.0
1763304605,-0.076431155,-0.0054415464,0.022286946,0.012805939,0.016773224,-0.8093128,-0.010261223,-0.0023414493,0.004729092,-0.04463148,0.0,0.0,0.0,0.0,0.0,0.26256886,0.26283222,0.57211417,0.48154965,0.48162225,4.0569024,0.0025095637,0.002509597,0.002508012,0.09020374,0.0,0.0,0.0,0.0,0.0,0.00020927086,0.005795731,0.023026045,0.0,0.0,0.0,0.0,0.0,0.0
1763505633,-0.0227983,0.052791715,-0.019291049,0.011857986,0.02617836,0.021726608,-0.010261223,-0.0023414493,0.004729092,-0.022595763,0.0,0.0,0.0,0.0,0.0,0.2626095,0.262865,0.57212293,0.48566872,0.48576194,4.0570054,0.0025095637,0.002509597,0.002508012,0.090201996,0.0,0.0,0.0,0.0,0.0,0.0011583436,0.016854657,0.058025297,0.0,0.0,0.0,0.0,0.0,0.0
1763705635,0.038599133,0.029293537,0.014599831,0.004020691,0.014053345,0.36324692,-0.010261223,-0.0023414493,0.004729092,0.057226002,0.0,0.0,0.0,0.0,0.0,0.2625896,0.26282635,0.5720959,0.4881591,0.4882683,4.0570993,0.0025095637,0.002509597,0.002508012,0.09020073,0.0,0.0,0.0,0.0,0.0,0.00048584724,0.0072324844,0.02430922,0.0,0.0,0.0,0.0,0.0,0.0
1763906262,-0.013602614,0.015805125,-0.0067383554,0.05138588,0.054491043,-0.12693405,-0.010261223,-0.0023414493,0.004729092,-0.025567234,0.0,0.0,0.0,0.0,0.0,0.26269576,0.2629206,0.5721353,0.49005264,0.49018136,4.0571694,0.0025095637,0.002509597,0.002508012,0.0901994,0.0,0.0,0.0,0.0,0.0,0.0005205457,0.0072025885,0.02277489,0.0,0.0,0.0,0.0,0.0,0.0
1764107411,0.07819462,0.009477973,0.017490126,0.07158089,0.06114769,-0.41913986,-0.010261223,-0.0023414493,0.004729092,-0.0408898,0.0,0.0,0.0,0.0,0.0,0.26270425,0.26291558,0.57210946,0.48861483,0.48875463,4.057264,0.0025095637,0.002509597,0.002508012,0.090197906,0.0,0.0,0.0,0.0,0.0,0.00065670756,0.009745005,0.0230112,0.0,0.0,0.0,0.0,0.0,0.0
1764311253,0.0149924755,0.034965396,0.025953405,0.100019455,0.07798958,0.14829254,-0.010261223,-0.0023414493,0.004729092,0.02056694,0.0,0.0,0.0,0.0,0.0,0.26276645,0.26296747,0.57211435,0.48749506,0.4876467,4.057349,0.0025095637,0.002509597,0.002508012,0.090196565,0.0,0.0,0.0,0.0,0.0,0.00032113199,0.009813716,0.022580337,0.0,0.0,0.0,0.0,0.0,0.0
1764512103,0.036683917,0.014379621,0.016723238,0.0951767,0.06590462,0.13977432,-0.010261223,-0.0023414493,0.004729092,-0.0100136995,0.0,0.0,0.0,0.0,0.0,0.26280257,0.2629936,0.5721156,0.48761275,0.48777357,4.0573974,0.0025095637,0.002509597,0.002508012,0.0901952,0.0,0.0,0.0,0.0,0.0,0.00037990368,0.00982086,0.022893801,0.0,0.0,0.0,0.0,0.0,0.0
1764712804,0.006389141,-0.035519242,0.04220449,0.08916092,0.063589096,0.35437012,-0.010261223,-0.0023414493,0.004729092,0.032351255,0.0,0.0,0.0,0.0,0.0,0.26283386,0.26301584,0.5721175,0.48906404,0.4892322,4.057503,0.0025095637,0.002509597,0.002508012,0.09019411,0.0,0.0,0.0,0.0,0.0,0.00026626335,0.009772228,0.026172752,0.0,0.0,0.0,0.0,0.0,0.0
1764913714,-0.039494872,-0.09217739,-0.05639008,0.1036129,0.059690475,-1.2563362,-0.010261223,-0.0023414493,0.004729092,0.033074975,0.0,0.0,0.0,0.0,0.0,0.26290253,0.2630719,0.57214427,0.4893603,0.48953462,4.0571465,0.0025095637,0.002509597,0.002508012,0.09019301,0.0,0.0,0.0,0.0,0.0,0.0006652322,0.00696465,0.015990937,0.0,0.0,0.0,0.0,0.0,0.0
1765113690,-0.041057706,-0.07707751,-0.12996405,0.09718895,0.032598495,-0.24181557,-0.010261223,-0.0023414493,0.004729092,-0.027727902,0.0,0.0,0.0,0.0,0.0,0.26286405,0.2630142,0.5721157,0.49044576,0.4906192,4.057514,0.0025095637,0.002509597,0.002508012,0.09019163,0.0,0.0,0.0,0.0,0.0,0.00042372732,0.007097744,0.015314486,0.0,0.0,0.0,0.0,0.0,0.0
1765318416,-0.010162592,-0.059099913,0.034923628,0.10858345,0.021247864,-0.326725,-0.010261223,-0.0023414493,0.004729092,-0.01187706,0.0,0.0,0.0,0.0,0.0,0.26290265,0.26303512,0.57211584,0.49187568,0.49204808,4.0575476,0.0025095637,0.002509597,0.002508012,0.0901904,0.0,0.0,0.0,0.0,0.0,0.00034487096,0.008167467,0.020388031,0.0,0.0,0.0,0.0,0.0,0.0
1765519019,0.070598364,-0.016967773,0.085947454,0.15285873,0.047311783,0.10268593,-0.010261223,-0.0023414493,0.004729092,0.035127044,0.0,0.0,0.0,0.0,0.0,0.26304844,0.26315692,0.5721785,0.49399522,0.4941674,4.0575886,0.0025095637,0.002509597,0.002508012,0.09018923,0.0,0.0,0.0,0.0,0.0,0.0003940604,0.009910312,0.023995057,0.0,0.0,0.0,0.0,0.0,0.0
1765719236,-0.017185092,-0.06901407,-0.14242013,0.11912155,0.028720856,0.09064865,-0.010261223,-0.0023414493,0.004729092,0.047163248,0.0,0.0,0.0,0.0,0.0,0.26302004,0.26310918,0.57214266,0.4950541,0.49521655,4.057622,0.0025095637,0.002509597,0.002508012,0.090188235,0.0,0.0,0.0,0.0,0.0,0.0003959838,0.007823311,0.018849581,0.0,0.0,0.0,0.0,0.0,0.0
1765924047,0.039051414,-0.0031782389,-0.05686446,0.124607086,0.025888443,-1.2713108,-0.010261223,-0.0023414493,0.004729092,0.0464347,0.0,0.0,0.0,0.0,0.0,0.26304272,0.26311612,0.5721387,0.4951361,0.4952893,4.0573545,0.0025095637,0.002509597,0.002508012,0.09018752,0.0,0.0,0.0,0.0,0.0,0.00065424235,0.0075660152,0.018026823,0.0,0.0,0.0,0.0,0.0,0.0
1766124825,-0.08056784,-0.0076453686,-0.05239368,0.13755989,0.032661438,0.58031845,-0.010261223,-0.0023414493,0.004729092,0.020501435,0.0,0.0,0.0,0.0,0.0,0.263101,0.26315796,0.5720842,0.49673128,0.49687448,4.0572724,0.0025095637,0.002509597,0.002508012,0.09018641,0.0,0.0,0.0,0.0,0.0,0.00048480442,0.0052909125,0.018646378,0.0,0.0,0.0,0.0,0.0,0.0
1766325627,-0.04880476,-0.039487958,0.078366235,0.1042614,0.017959595,-0.7733307,-0.010261223,-0.0023414493,0.004729092,-0.042416215,0.0,0.0,0.0,0.0,0.0,0.2630785,0.26312423,0.5720558,0.4978217,0.49795213,4.0573926,0.0025095637,0.002509597,0.002508012,0.09018568,0.0,0.0,0.0,0.0,0.0,0.0007589573,0.0025624526,0.007390594,0.0,0.0,0.0,0.0,0.0,0.0
1766529612,-0.042871,0.027356863,-0.05196572,0.10464096,0.0277462,-0.20881844,-0.010261223,-0.0023414493,0.004729092,-0.024004698,0.0,0.0,0.0,0.0,0.0,0.2631649,0.26320276,0.57208824,0.4995879,0.49970827,4.057313,0.0025095637,0.002509597,0.002508012,0.090184905,0.0,0.0,0.0,0.0,0.0,0.00031623984,0.00391531,0.012213096,0.0,0.0,0.0,0.0,0.0,0.0
1766730503,-0.09749341,-0.020965695,-0.065253705,0.06689453,0.0055675507,-0.75413895,-0.010261223,-0.0023414493,0.004729092,0.012562156,0.0,0.0,0.0,0.0,0.0,0.2631057,0.26313597,0.5720531,0.5005312,0.50063896,4.0570846,0.0025095637,0.002509597,0.002508012,0.09018389,0.0,0.0,0.0,0.0,0.0,0.00024312465,0.005987688,0.016626628,0.0,0.0,0.0,0.0,0.0,0.0
1766931232,-0.048995733,0.008840203,-0.03613715,0.06408119,0.010919571,-0.13729668,-0.010261223,-0.0023414493,0.004729092,0.086376905,0.0,0.0,0.0,0.0,0.0,0.26313156,0.26315302,0.57205784,0.5033678,0.50346446,4.057164,0.0025095637,0.002509597,0.002508012,0.09018287,0.0,0.0,0.0,0.0,0.0,0.00025724206,0.0029518837,0.006151137,0.0,0.0,0.0,0.0,0.0,0.0
1767134991,-0.0067310333,-0.07263017,-0.003837443,0.058294296,0.002943039,-0.5792351,-0.010261223,-0.0023414493,0.004729092,0.031746745,0.0,0.0,0.0,0.0,0.0,0.26316908,0.2631836,0.5720624,0.50486064,0.5049465,4.0572515,0.0025095637,0.002509597,0.002508012,0.09018192,0.0,0.0,0.0,0.0,0.0,0.0006211413,0.005454095,0.016043581,0.0,0.0,0.0,0.0,0.0,0.0
1767335818,-0.08181906,-0.019241333,0.003677845,0.041576385,0.0104961395,-0.04751587,-0.010261223,-0.0023414493,0.004729092,-0.0046278834,0.0,0.0,0.0,0.0,0.0,0.26321825,0.26322675,0.5720642,0.5077302,0.5078056,4.0572844,0.0025095637,0.002509597,0.002508012,0.09018109,0.0,0.0,0.0,0.0,0.0,0.0005306296,0.0044665323,0.010421399,0.0,0.0,0.0,0.0,0.0,0.0
1767536903,-0.016167164,-0.01043582,0.041963976,0.03308487,0.009012222,0.2819481,-0.010261223,-0.0023414493,0.004729092,-0.0681625,0.0,0.0,0.0,0.0,0.0,0.26325879,0.26326248,0.5720677,0.5106199,0.51068527,4.057355,0.0025095637,0.002509597,0.002508012,0.090180255,0.0,0.0,0.0,0.0,0.0,9.599725e-05,0.002982285,0.008306811,0.0,0.0,0.0,0.0,0.0,0.0
1767740800,0.10986042,0.045035005,-0.031895854,0.03027916,0.0280056,-0.6786938,-0.010261223,-0.0023414493,0.004729092,0.017600775,0.0,0.0,0.0,0.0,0.0,0.26328358,0.26328254,0.5720682,0.5134954,0.5135514,4.057416,0.0025095637,0.002509597,0.002508012,0.09017946,0.0,0.0,0.0,0.0,0.0,0.0007318741,0.004601322,0.010804457,0.0,0.0,0.0,0.0,0.0,0.0
1767941395,-0.06290126,-0.08720243,-0.06666772,0.012748718,0.0059509277,0.07297325,-0.010261223,-0.0023414493,0.004729092,-0.012637913,0.0,0.0,0.0,0.0,0.0,0.26323062,0.26322517,0.57203794,0.51473254,0.5147795,4.057238,0.0025095637,0.002509597,0.002508012,0.0901788,0.0,0.0,0.0,0.0,0.0,0.0005367962,0.0034159422,0.009727478,0.0,0.0,0.0,0.0,0.0,0.0
1768142466,-0.0356524,0.0028694868,-0.019667413,0.0076179504,0.00838089,0.3309059,-0.010261223,-0.0023414493,0.004729092,0.06826413,0.0,0.0,0.0,0.0,0.0,0.2632785,0.26326847,0.5720443,0.5149784,0.5150171,4.0572953,0.0025095637,0.002509597,0.002508012,0.09017817,0.0,0.0,0.0,0.0,0.0,0.00022160343,0.003662206,0.011439179,0.0,0.0,0.0,0.0,0.0,0.0
1768343283,0.019101381,0.013572574,-0.08043337,-0.0017471313,-0.0039138794,-0.41761017,-0.010261223,-0.0023414493,0.004729092,0.049308002,0.0,0.0,0.0,0.0,0.0,0.2632582,0.26324534,0.57201827,0.51621693,0.5162476,4.057096,0.0025095637,0.002509597,0.002508012,0.0901773,0.0,0.0,0.0,0.0,0.0,0.00034822285,0.0027646904,0.009613464,0.0,0.0,0.0,0.0,0.0,0.0
1768543369,-0.07415414,-0.02453053,-0.009840187,0.0010414124,-0.015098572,-0.35362244,-0.010261223,-0.0023414493,0.004729092,-0.098270416,0.0,0.0,0.0,0.0,0.0,0.26328787,0.2632739,0.5720237,0.51642597,0.51644945,4.057179,0.0025095637,0.002509597,0.002508012,0.09017651,0.0,0.0,0.0,0.0,0.0,0.00031485563,0.0063550216,0.019208625,0.0,0.0,0.0,0.0,0.0,0.0
1768743728,0.045656204,-0.060369134,-0.031197809,0.03840065,-0.0031204224,-0.5882931,-0.010261223,-0.0023414493,0.004729092,-0.035664678,0.0,0.0,0.0,0.0,0.0,0.26343998,0.26342446,0.57201517,0.5173145,0.5173311,4.056962,0.0025095637,0.002509597,0.002508012,0.0901758,0.0,0.0,0.0,0.0,0.0,0.0002844736,0.0035110158,0.00856337,0.0,0.0,0.0,0.0,0.0,0.0
1768944820,0.046635866,-0.06508434,-0.05784711,0.040859222,-0.0067863464,-0.4982376,-0.010261223,-0.0023414493,0.004729092,0.056687117,0.0,0.0,0.0,0.0,0.0,0.26343292,0.26341787,0.5720224,0.517416,0.5174267,4.0570545,0.0025095637,0.002509597,0.002508012,0.090175174,0.0,0.0,0.0,0.0,0.0,0.00023967898,0.0051758974,0.010421793,0.0,0.0,0.0,0.0,0.0,0.0
1769144947,-0.13363004,-0.05595112,-0.07939006,0.032239914,-0.006427765,-0.07210541,-0.010261223,-0.0023414493,0.004729092,0.052288055,0.0,0.0,0.0,0.0,0.0,0.26342383,0.2634093,0.5720276,0.5174993,0.51750517,4.0571346,0.0025095637,0.002509597,0.002508012,0.09017453,0.0,0.0,0.0,0.0,0.0,0.0006857263,0.00514969,0.010637506,0.0,0.0,0.0,0.0,0.0,0.0
1769345447,0.021291971,-0.0070006847,-0.10744173,0.039060593,-0.0040626526,0.007127762,-0.010261223,-0.0023414493,0.004729092,0.0008727312,0.0,0.0,0.0,0.0,0.0,0.2633993,0.26338628,0.57203203,0.5188864,0.5188883,4.057195,0.0025095637,0.002509597,0.002508012,0.090173796,0.0,0.0,0.0,0.0,0.0,0.0006528924,0.0027994276,0.01044522,0.0,0.0,0.0,0.0,0.0,0.0
1769550417,-0.00095152855,0.037885547,-0.08298418,0.007785797,-0.012882233,-0.8316364,-0.010261223,-0.0023414493,0.004729092,-0.104536355,0.0,0.0,0.0,0.0,0.0,0.2633457,0.2633338,0.572005,0.5199819,0.51998085,4.0570416,0.0025095637,0.002509597,0.002508012,0.09017322,0.0,0.0,0.0,0.0,0.0,0.00022319857,0.00088150497,0.002969414,0.0,0.0,0.0,0.0,0.0,0.0
1769751310,0.020902634,-0.043293953,-0.08487742,0.044446945,0.007827759,-0.4803543,-0.010261223,-0.0023414493,0.004729092,-0.001909256,0.0,0.0,0.0,0.0,0.0,0.26340574,0.26339445,0.57203925,0.52027315,0.52026916,4.0570045,0.0025095637,0.002509597,0.002508012,0.090172544,0.0,0.0,0.0,0.0,0.0,0.00027549785,0.002572435,0.0053394823,0.0,0.0,0.0,0.0,0.0,0.0
1769951228,-0.034644604,0.015375972,-0.10106318,0.060049057,0.016159058,-0.055721283,-0.010261223,-0.0023414493,0.004729092,-0.031632364,0.0,0.0,0.0,0.0,0.0,0.26341897,0.26340818,0.572047,0.5203217,0.52031523,4.05697,0.0025095637,0.002509597,0.002508012,0.090172015,0.0,0.0,0.0,0.0,0.0,0.00030905122,0.0020683042,0.0035610404,0.0,0.0,0.0,0.0,0.0,0.0
1770151784,-0.0015735626,-0.073990464,0.0056203865,0.064496994,0.0111198425,-0.6030998,-0.010261223,-0.0023414493,0.004729092,-0.02966988,0.0,0.0,0.0,0.0,0.0,0.2633804,0.26337054,0.5720476,0.51887155,0.518863,4.0570416,0.0025095637,0.002509597,0.002508012,0.09017154,0.0,0.0,0.0,0.0,0.0,0.00032754097,0.0026547331,0.00779155,0.0,0.0,0.0,0.0,0.0,0.0
1770352825,-0.00058841705,-0.009820223,0.04922301,0.07354164,0.007820129,0.12895584,-0.010261223,-0.0023414493,0.004729092,-0.013250053,0.0,0.0,0.0,0.0,0.0,0.26338708,0.26337722,0.572053,0.5189328,0.51892275,4.057411,0.0025095637,0.002509597,0.002508012,0.09017101,0.0,0.0,0.0,0.0,0.0,0.00012565152,0.0019542684,0.0070380927,0.0,0.0,0.0,0.0,0.0,0.0
1770552798,-0.046010733,-0.0058020353,-0.011149939,0.077142715,0.003692627,0.018808365,-0.010261223,-0.0023414493,0.004729092,-0.056033254,0.0,0.0,0.0,0.0,0.0,0.26338664,0.26337746,0.572055,0.51759875,0.51758766,4.0574718,0.0025095637,0.002509597,0.002508012,0.090170406,0.0,0.0,0.0,0.0,0.0,0.00034703783,0.0045405417,0.017283699,0.0,0.0,0.0,0.0,0.0,0.0
1770753408,-0.032772303,-0.0027762651,-0.024085715,0.07992172,0.005821228,-0.3014431,-0.010261223,-0.0023414493,0.004729092,0.015288353,0.0,0.0,0.0,0.0,0.0,0.26336718,0.26335868,0.57205534,0.51762754,0.517616,4.057523,0.0025095637,0.002509597,0.002508012,0.09016981,0.0,0.0,0.0,0.0,0.0,0.0005511229,0.0067409156,0.02411105,0.0,0.0,0.0,0.0,0.0,0.0
1770958526,-0.07855487,-0.0064035654,0.03117916,0.07419586,0.012962341,-0.1585865,-0.010261223,-0.0023414493,0.004729092,0.00075536966,0.0,0.0,0.0,0.0,0.0,0.263377,0.26336953,0.5720547,0.5190056,0.5189939,4.0573044,0.0025095637,0.002509597,0.002508012,0.090169385,0.0,0.0,0.0,0.0,0.0,0.0008246947,0.005043977,0.01907332,0.0,0.0,0.0,0.0,0.0,0.0
1771158523,-0.003392458,0.0035837889,0.026016451,0.0814476,0.0021476746,0.01640129,-0.010261223,-0.0023414493,0.004729092,0.040797234,0.0,0.0,0.0,0.0,0.0,0.26334414,0.2633379,0.57205147,0.518875,0.51886356,4.0572352,0.0025095637,0.002509597,0.002508012,0.090168774,0.0,0.0,0.0,0.0,0.0,9.7992415e-05,0.0031356683,0.011614602,0.0,0.0,0.0,0.0,0.0,0.0
1771363287,-0.008857727,-0.020118237,-0.021513574,0.08308029,0.005519867,0.44327164,-0.010261223,-0.0023414493,0.004729092,0.028813422,0.0,0.0,0.0,0.0,0.0,0.26334456,0.2633399,0.5720542,0.5188924,0.5188814,4.0573063,0.0025095637,0.002509597,0.002508012,0.09016826,0.0,0.0,0.0,0.0,0.0,0.00017507095,0.0027754058,0.010100122,0.0,0.0,0.0,0.0,0.0,0.0
1771564171,-0.023242712,-0.036695957,0.11055672,0.08293915,0.0034980774,-0.19225883,-0.010261223,-0.0023414493,0.004729092,-0.022486448,0.0,0.0,0.0,0.0,0.0,0.2633614,0.26335773,0.5720589,0.5175837,0.51757324,4.057364,0.0025095637,0.002509597,0.002508012,0.09016793,0.0,0.0,0.0,0.0,0.0,0.0001705054,0.0069414256,0.019369079,0.0,0.0,0.0,0.0,0.0,0.0
1771764621,0.030158639,-0.02260995,0.05168286,0.092041016,-0.0038108826,-0.3623314,-0.010261223,-0.0023414493,0.004729092,-0.055751085,0.0,0.0,0.0,0.0,0.0,0.26334995,0.2633476,0.5720649,0.5176056,0.5175959,4.057157,0.0025095637,0.002509597,0.002508012,0.09016748,0.0,0.0,0.0,0.0,0.0,0.00032992978,0.003266447,0.0071520754,0.0,0.0,0.0,0.0,0.0,0.0
1771968864,0.05588758,-0.08710945,0.026292346,0.091362,-0.010807037,-0.46118736,-0.010261223,-0.0023414493,0.004729092,-0.05516666,0.0,0.0,0.0,0.0,0.0,0.2633267,0.2633255,0.5720681,0.51623327,0.5162244,4.0572257,0.0025095637,0.002509597,0.002508012,0.09016711,0.0,0.0,0.0,0.0,0.0,0.00062529196,0.005794474,0.011786951,0.0,0.0,0.0,0.0,0.0,0.0
1772169687,-0.03704202,-0.10667336,0.029703535,0.06488037,-0.023197174,0.1809349,-0.010261223,-0.0023414493,0.004729092,0.017002106,0.0,0.0,0.0,0.0,0.0,0.26331538,0.26331496,0.5719944,0.5148743,0.51486635,4.057076,0.0025095637,0.002509597,0.002508012,0.090166554,0.0,0.0,0.0,0.0,0.0,0.00030286537,0.0053422404,0.010849944,0.0,0.0,0.0,0.0,0.0,0.0
1772370387,0.10199702,-0.14019394,-0.0129972175,0.058246613,-0.037425995,0.241642,-0.010261223,-0.0023414493,0.004729092,-0.027918696,0.0,0.0,0.0,0.0,0.0,0.26329854,0.26329854,0.5720044,0.5121503,0.51214325,4.0571566,0.0025095637,0.002509597,0.002508012,0.09016605,0.0,0.0,0.0,0.0,0.0,0.00038805354,0.009907431,0.023602089,0.0,0.0,0.0,0.0,0.0,0.0
1772571026,0.027542114,-0.020676613,-0.012246495,0.09049606,-0.028709412,-0.30714798,-0.010261223,-0.0023414493,0.004729092,0.02669698,0.0,0.0,0.0,0.0,0.0,0.26333794,0.26333797,0.572046,0.51242626,0.51242006,4.056974,0.0025095637,0.002509597,0.002508012,0.09016545,0.0,0.0,0.0,0.0,0.0,0.0005567816,0.0060278154,0.015073102,0.0,0.0,0.0,0.0,0.0,0.0
1772771256,-0.03617215,-0.07267141,0.023865843,0.07683945,-0.032352448,0.49243546,-0.010261223,-0.0023414493,0.004729092,0.019266367,0.0,0.0,0.0,0.0,0.0,0.26330224,0.26330218,0.5720537,0.5122914,0.51228595,4.057072,0.0025095637,0.002509597,0.002508012,0.09016504,0.0,0.0,0.0,0.0,0.0,0.00040554165,0.013241417,0.042200718,0.0,0.0,0.0,0.0,0.0,0.0
1772972038,-0.057804823,-0.05765605,0.046120033,0.0593071,-0.039352417,0.22013474,-0.010261223,-0.0023414493,0.004729092,-0.0010778904,0.0,0.0,0.0,0.0,0.0,0.26323766,0.26323757,0.57203084,0.5132233,0.5132185,4.056872,0.0025095637,0.002509597,0.002508012,0.09016483,0.0,0.0,0.0,0.0,0.0,0.0002817889,0.010560949,0.034346815,0.0,0.0,0.0,0.0,0.0,0.0
1773172622,-0.038399935,-0.015627265,0.058706235,0.029670715,-0.027385712,0.23981476,-0.010261223,-0.0023414493,0.004729092,-0.008228779,0.0,0.0,0.0,0.0,0.0,0.26324084,0.26324072,0.5719654,0.51456696,0.5145627,4.0570035,0.0025095637,0.002509597,0.002508012,0.09016446,0.0,0.0,0.0,0.0,0.0,0.000246809,0.008109784,0.026613815,0.0,0.0,0.0,0.0,0.0,0.0
1773372936,0.07482576,-0.1479863,0.115072325,0.028450012,-0.03930664,0.62483597,-0.010261223,-0.0023414493,0.004729092,0.09005594,0.0,0.0,0.0,0.0,0.0,0.26321882,0.26321924,0.57205373,0.51318914,0.5131854,4.057103,0.0025095637,0.002509597,0.002508012,0.090163976,0.0,0.0,0.0,0.0,0.0,0.0003621249,0.012493596,0.038909994,0.0,0.0,0.0,0.0,0.0,0.0
1773573706,0.06745064,0.008463383,0.14424214,0.040691376,-0.03920746,-0.08005524,-0.010261223,-0.0023414493,0.004729092,0.004577756,0.0,0.0,0.0,0.0,0.0,0.2632116,0.26321363,0.5720607,0.51048833,0.5104852,4.0571604,0.0025095637,0.002509597,0.002508012,0.09016351,0.0,0.0,0.0,0.0,0.0,0.00024355695,0.010276832,0.03332264,0.0,0.0,0.0,0.0,0.0,0.0
1773774476,0.059127808,-0.09046161,0.042746037,0.01669693,-0.053886414,-0.7048569,-0.010261223,-0.0023414493,0.004729092,-0.035921454,0.0,0.0,0.0,0.0,0.0,0.26308668,0.2630911,0.57202804,0.5085979,0.50859547,4.05715,0.0025095637,0.002509597,0.002508012,0.09016323,0.0,0.0,0.0,0.0,0.0,0.00035867846,0.0032368845,0.008908888,0.0,0.0,0.0,0.0,0.0,0.0
1773978631,-0.0357728,-0.07572293,0.03515058,0.020366669,-0.040790558,0.5750618,-0.010261223,-0.0023414493,0.004729092,-0.06613171,0.0,0.0,0.0,0.0,0.0,0.2631162,0.26312137,0.57198757,0.50755346,0.5075519,4.057114,0.0025095637,0.002509597,0.002508012,0.09016272,0.0,0.0,0.0,0.0,0.0,0.00057182746,0.0024177083,0.0077082133,0.0,0.0,0.0,0.0,0.0,0.0
1774179231,-0.044770002,0.05065763,-0.08531123,0.00573349,-0.028900146,-0.4520645,-0.010261223,-0.0023414493,0.004729092,-0.013517976,0.0,0.0,0.0,0.0,0.0,0.26308426,0.2630888,0.57199013,0.5073345,0.5073337,4.0572014,0.0025095637,0.002509597,0.002508012,0.09016234,0.0,0.0,0.0,0.0,0.0,0.00041120112,0.005266563,0.015349826,0.0,0.0,0.0,0.0,0.0,0.0
1774384331,0.09752846,-0.03741777,0.0017502196,0.032341003,-0.017906189,-0.047210693,-0.010261223,-0.0023414493,0.004729092,0.10023463,0.0,0.0,0.0,0.0,0.0,0.26309365,0.2630967,0.57199943,0.50731087,0.5073107,4.05702,0.0025095637,0.002509597,0.002508012,0.09016204,0.0,0.0,0.0,0.0,0.0,0.0004091077,0.006247186,0.02143023,0.0,0.0,0.0,0.0,0.0,0.0
1774584887,0.025443673,0.006651044,-0.06896161,0.04156494,-0.01499939,-0.38108253,-0.010261223,-0.0023414493,0.004729092,-0.0064778924,0.0,0.0,0.0,0.0,0.0,0.26310098,0.26310292,0.57200766,0.5072559,0.5072561,4.0571427,0.0025095637,0.002509597,0.002508012,0.09016158,0.0,0.0,0.0,0.0,0.0,0.0003796434,0.0030178255,0.00868281,0.0,0.0,0.0,0.0,0.0,0.0
1774785423,0.074252725,-0.04706192,-0.008754212,0.046821594,-0.010696411,-1.0380535,-0.010261223,-0.0023414493,0.004729092,-0.04849577,0.0,0.0,0.0,0.0,0.0,0.26310483,0.2631051,0.572018,0.5085917,0.5085921,4.0569687,0.0025095637,0.002509597,0.002508012,0.0901613,0.0,0.0,0.0,0.0,0.0,0.00027887145,0.0052900133,0.014822013,0.0,0.0,0.0,0.0,0.0,0.0
1774985695,-0.014462352,-0.04232967,-0.035188414,0.038272858,-0.0014915466,-0.23534775,-0.010261223,-0.0023414493,0.004729092,-0.09103149,0.0,0.0,0.0,0.0,0.0,0.2631189,0.26311585,0.57202715,0.50995415,0.5099544,4.0573525,0.0025095637,0.002509597,0.002508012,0.09016097,0.0,0.0,0.0,0.0,0.0,0.00093099446,0.010243085,0.033739787,0.0,0.0,0.0,0.0,0.0,0.0
1775186546,-0.03360319,0.011027932,-0.032708734,0.01992035,-0.006614685,0.4358406,-0.010261223,-0.0023414493,0.004729092,-0.003187418,0.0,0.0,0.0,0.0,0.0,0.26307628,0.2630707,0.5720012,0.51234716,0.5123469,4.057169,0.0025095637,0.002509597,0.002508012,0.09016071,0.0,0.0,0.0,0.0,0.0,0.0006189393,0.010669739,0.034993663,0.0,0.0,0.0,0.0,0.0,0.0
1775386373,-0.035986543,0.021255732,-0.09841631,0.003227234,0.0054740906,-0.19526863,-0.010261223,-0.0023414493,0.004729092,-0.021841407,0.0,0.0,0.0,0.0,0.0,0.26310205,0.2630942,0.5720073,0.5151267,0.5151256,4.0573664,0.0025095637,0.002509597,0.002508012,0.09016033,0.0,0.0,0.0,0.0,0.0,0.0008272819,0.007205642,0.020490676,0.0,0.0,0.0,0.0,0.0,0.0
1775591230,0.010886788,-0.027172089,0.021914367,0.035713196,0.029769897,-0.1988163,-0.010261223,-0.0023414493,0.004729092,-0.026888669,0.0,0.0,0.0,0.0,0.0,0.26324221,0.26323467,0.57206804,0.5184813,0.518479,4.0574374,0.0025095637,0.002509597,0.002508012,0.09016001,0.0,0.0,0.0,0.0,0.0,0.000509796,0.00440506,0.012534953,0.0,0.0,0.0,0.0,0.0,0.0
1775792131,0.013901353,-0.05012834,0.113900825,0.026378632,0.021816254,-0.64951706,-0.010261223,-0.0023414493,0.004729092,0.055295885,0.0,0.0,0.0,0.0,0.0,0.26326215,0.26325622,0.57206935,0.519941,0.51993763,4.057494,0.0025095637,0.002509597,0.002508012,0.09015992,0.0,0.0,0.0,0.0,0.0,9.78851e-05,0.0055505796,0.019711874,0.0,0.0,0.0,0.0,0.0,0.0
1775996626,-0.011374235,-0.05205691,0.049709238,0.01001358,0.010047913,-0.643816,-0.010261223,-0.0023414493,0.004729092,0.0034419298,0.0,0.0,0.0,0.0,0.0,0.26319638,0.2631959,0.572036,0.52103585,0.5210319,4.0574193,0.0025095637,0.002509597,0.002508012,0.09015982,0.0,0.0,0.0,0.0,0.0,0.00011588455,0.004033912,0.014091992,0.0,0.0,0.0,0.0,0.0,0.0
1776196878,0.037842035,0.038888574,0.11704846,0.04254532,0.020458221,0.016113281,-0.010261223,-0.0023414493,0.004729092,0.053961277,0.0,0.0,0.0,0.0,0.0,0.2632373,0.2632438,0.57206327,0.52271587,0.5227118,4.057204,0.0025095637,0.002509597,0.002508012,0.09015953,0.0,0.0,0.0,0.0,0.0,0.00012380739,0.0051688002,0.011387973,0.0,0.0,0.0,0.0,0.0,0.0
1776397649,0.0014064312,-0.037100077,0.057666562,0.026203156,-0.0050354004,0.24361038,-0.010261223,-0.0023414493,0.004729092,-0.03379619,0.0,0.0,0.0,0.0,0.0,0.26319876,0.2632118,0.572034,0.5225073,0.5225041,4.0575395,0.0025095637,0.002509597,0.002508012,0.09015919,0.0,0.0,0.0,0.0,0.0,7.3820374e-05,0.0019821022,0.005813496,0.0,0.0,0.0,0.0,0.0,0.0
1776598550,0.028951406,-0.04737711,0.07237159,0.02727127,-0.009319305,-0.7273445,-0.010261223,-0.0023414493,0.004729092,-0.006840229,0.0,0.0,0.0,0.0,0.0,0.26318547,0.26320457,0.5720367,0.52265465,0.522653,4.057585,0.0025095637,0.002509597,0.002508012,0.09015905,0.0,0.0,0.0,0.0,0.0,0.00015971648,0.0073740035,0.02224787,0.0,0.0,0.0,0.0,0.0,0.0
1776802626,0.06346989,-0.047747254,-0.026638512,0.035629272,0.0042152405,-0.22513199,-0.010261223,-0.0023414493,0.004729092,-0.11571658,0.0,0.0,0.0,0.0,0.0,0.26325917,0.2632818,0.57206595,0.52308404,0.52308464,4.057636,0.0025095637,0.002509597,0.002508012,0.09015876,0.0,0.0,0.0,0.0,0.0,0.0002802737,0.003935614,0.0113551505,0.0,0.0,0.0,0.0,0.0,0.0
1777003324,0.036140203,0.071606874,0.06942916,0.03139496,-0.003768921,0.6280327,-0.010261223,-0.0023414493,0.004729092,-0.021633148,0.0,0.0,0.0,0.0,0.0,0.26320237,0.26322138,0.57203406,0.52281976,0.5228226,4.057372,0.0025095637,0.002509597,0.002508012,0.09015833,0.0,0.0,0.0,0.0,0.0,0.00030281625,0.007431485,0.022058468,0.0,0.0,0.0,0.0,0.0,0.0
1777204057,0.04469824,-0.035824537,0.11471024,0.042179108,-0.005039215,0.51639175,-0.010261223,-0.0023414493,0.004729092,0.031066716,0.0,0.0,0.0,0.0,0.0,0.26322716,0.2632405,0.57203704,0.52292037,0.5229252,4.0572042,0.0025095637,0.002509597,0.002508012,0.09015811,0.0,0.0,0.0,0.0,0.0,0.00014396591,0.01107365,0.03564133,0.0,0.0,0.0,0.0,0.0,0.0
1777408144,0.04762864,-0.06331587,0.012397826,0.041900635,-0.008350372,-0.30503273,-0.010261223,-0.0023414493,0.004729092,0.03584677,0.0,0.0,0.0,0.0,0.0,0.26322785,0.2632356,0.571964,0.5229742,0.52298033,4.0570207,0.0025095637,0.002509597,0.002508012,0.09015771,0.0,0.0,0.0,0.0,0.0,0.0002586674,0.0019121398,0.003960393,0.0,0.0,0.0,0.0,0.0,0.0
1777608879,0.06386769,-0.013501644,0.13604322,0.06277466,0.0139045715,-0.3600731,-0.010261223,-0.0023414493,0.004729092,0.047412455,0.0,0.0,0.0,0.0,0.0,0.2632868,0.2632913,0.57200694,0.5247559,0.52476275,4.056903,0.0025095637,0.002509597,0.002508012,0.09015732,0.0,0.0,0.0,0.0,0.0,0.0005212663,0.00923687,0.030676661,0.0,0.0,0.0,0.0,0.0,0.0
1777809415,0.029871821,0.014974117,0.02124419,0.050743103,0.014987946,0.2835617,-0.010261223,-0.0023414493,0.004729092,-0.033920944,0.0,0.0,0.0,0.0,0.0,0.26320955,0.26321122,0.57198864,0.52445555,0.52446234,4.056989,0.0025095637,0.002509597,0.002508012,0.090156935,0.0,0.0,0.0,0.0,0.0,0.00014368078,0.00320677,0.009035352,0.0,0.0,0.0,0.0,0.0,0.0
1778009849,0.008645058,-0.06801295,-0.008131254,0.049488068,0.021827698,-0.113716125,-0.010261223,-0.0023414493,0.004729092,-0.025357366,0.0,0.0,0.0,0.0,0.0,0.2632468,0.26324713,0.57199925,0.52449507,0.5245015,4.0568366,0.0025095637,0.002509597,0.002508012,0.09015665,0.0,0.0,0.0,0.0,0.0,0.00021537441,0.0031708132,0.010674636,0.0,0.0,0.0,0.0,0.0,0.0
1778210589,0.017233491,-0.046239138,0.052371003,0.06230545,0.0373497,0.35265732,-0.010261223,-0.0023414493,0.004729092,0.0051513314,0.0,0.0,0.0,0.0,0.0,0.2632656,0.26326704,0.5720136,0.52456445,0.5245703,4.0569572,0.0025095637,0.002509597,0.002508012,0.09015638,0.0,0.0,0.0,0.0,0.0,0.00027857727,0.006387791,0.021938935,0.0,0.0,0.0,0.0,0.0,0.0
1778411021,0.07771289,0.024305344,0.052933007,0.045383453,0.028865814,-0.5066452,-0.010261223,-0.0023414493,0.004729092,-0.028479636,0.0,0.0,0.0,0.0,0.0,0.2631962,0.26320064,0.57199407,0.52428734,0.52429247,4.057038,0.0025095637,0.002509597,0.002508012,0.09015598,0.0,0.0,0.0,0.0,0.0,0.0005250103,0.010062365,0.034029227,0.0,0.0,0.0,0.0,0.0,0.0
1778612110,0.014637709,0.021573901,-0.072852716,0.08389282,0.09053421,0.16436577,-0.010261223,-0.0023414493,0.004729092,0.004818976,0.0,0.0,0.0,0.0,0.0,0.26335305,0.26336,0.5720216,0.5240218,0.5240266,4.056875,0.0025095637,0.002509597,0.002508012,0.09015586,0.0,0.0,0.0,0.0,0.0,0.00061586796,0.0071331104,0.01702671,0.0,0.0,0.0,0.0,0.0,0.0
1778816021,0.115466595,-0.04558587,0.038767107,0.05809021,0.068683624,-1.7438107,-0.010261223,-0.0023414493,0.004729092,-0.11509693,0.0,0.0,0.0,0.0,0.0,0.26315692,0.26316428,0.571969,0.52459943,0.5246039,4.0567837,0.0025095637,0.002509597,0.002508012,0.09015565,0.0,0.0,0.0,0.0,0.0,0.00034740052,0.005440287,0.013862747,0.0,0.0,0.0,0.0,0.0,0.0
1779016930,0.041768312,-0.038044453,-0.02902294,0.06445694,0.07138443,-0.7269306,-0.010261223,-0.0023414493,0.004729092,0.0065183043,0.0,0.0,0.0,0.0,0.0,0.26312196,0.2631282,0.57198495,0.5246265,0.5246312,4.056659,0.0025095637,0.002509597,0.002508012,0.090155624,0.0,0.0,0.0,0.0,0.0,0.00030565256,0.0030768227,0.0077295997,0.0,0.0,0.0,0.0,0.0,0.0
1779217869,0.06567943,0.012609959,0.06982412,0.06002426,0.07365799,0.6309624,-0.010261223,-0.0023414493,0.004729092,0.11180556,0.0,0.0,0.0,0.0,0.0,0.26303345,0.26303995,0.5719709,0.52430844,0.52431333,4.056524,0.0025095637,0.002509597,0.002508012,0.09015546,0.0,0.0,0.0,0.0,0.0,0.0008940606,0.0061625876,0.018610554,0.0,0.0,0.0,0.0,0.0,0.0
1779418532,-0.08761573,0.0044881105,-0.097031325,0.0497818,0.088638306,0.53638077,-0.010261223,-0.0023414493,0.004729092,0.113851786,0.0,0.0,0.0,0.0,0.0,0.263068,0.26307434,0.57194185,0.5246616,0.5246667,4.056734,0.0025095637,0.002509597,0.002508012,0.090155214,0.0,0.0,0.0,0.0,0.0,0.00079902547,0.0061331945,0.017340904,0.0,0.0,0.0,0.0,0.0,0.0
1779622224,0.010339737,0.01318562,0.10237406,0.034503937,0.066185,0.13236046,-0.010261223,-0.0023414493,0.004729092,0.02586013,0.0,0.0,0.0,0.0,0.0,0.26302,0.2630273,0.57192653,0.5257042,0.52570945,4.0567575,0.0025095637,0.002509597,0.002508012,0.090155065,0.0,0.0,0.0,0.0,0.0,0.0002490207,0.0133492,0.04308742,0.0,0.0,0.0,0.0,0.0,0.0
1779823317,0.060646415,-0.028807282,-0.14930548,0.05990219,0.09056091,1.0542412,-0.010261223,-0.0023414493,0.004729092,0.027349234,0.0,0.0,0.0,0.0,0.0,0.2631632,0.26317328,0.57199913,0.5262767,0.5262824,4.056875,0.0025095637,0.002509597,0.002508012,0.09015493,0.0,0.0,0.0,0.0,0.0,0.00019123135,0.014170602,0.049888708,0.0,0.0,0.0,0.0,0.0,0.0
1780024077,-0.0192945,-0.010128975,-0.07724206,0.056129456,0.084114075,1.2249031,-0.010261223,-0.0023414493,0.004729092,0.022388935,0.0,0.0,0.0,0.0,0.0,0.26310095,0.26311442,0.57197803,0.5245422,0.5245484,4.0570054,0.0025095637,0.002509597,0.002508012,0.09015475,0.0,0.0,0.0,0.0,0.0,9.600407e-05,0.012234122,0.042805955,0.0,0.0,0.0,0.0,0.0,0.0
1780228019,0.072989225,0.02756536,-0.0050633997,0.064971924,0.10707092,0.090631485,-0.010261223,-0.0023414493,0.004729092,-0.082490146,0.0,0.0,0.0,0.0,0.0,0.26312461,0.26314136,0.57198817,0.5232079,0.523215,4.0569844,0.0025095637,0.002509597,0.002508012,0.090154745,0.0,0.0,0.0,0.0,0.0,0.00021262556,0.005901179,0.020474425,0.0,0.0,0.0,0.0,0.0,0.0
1780428881,0.12972617,-0.053890944,-0.07893609,0.075424194,0.10864639,0.21754837,-0.010261223,-0.0023414493,0.004729092,-0.00040137768,0.0,0.0,0.0,0.0,0.0,0.26312584,0.26314476,0.5719906,0.52168167,0.52168983,4.057077,0.0025095637,0.002509597,0.002508012,0.09015465,0.0,0.0,0.0,0.0,0.0,0.0003132281,0.012710247,0.043319132,0.0,0.0,0.0,0.0,0.0,0.0
1780629710,0.057011127,-0.15958905,-0.09768315,0.08326721,0.09562302,-0.5644131,-0.010261223,-0.0023414493,0.004729092,0.03381002,0.0,0.0,0.0,0.0,0.0,0.26309028,0.2631121,0.57199824,0.5216584,0.5216681,4.057183,0.0025095637,0.002509597,0.002508012,0.090154715,0.0,0.0,0.0,0.0,0.0,0.00036944606,0.0035760556,0.012985248,0.0,0.0,0.0,0.0,0.0,0.0
1780834642,0.027497292,-0.16278613,-0.20065695,0.09194946,0.090847015,-0.30768204,-0.010261223,-0.0023414493,0.004729092,0.044896364,0.0,0.0,0.0,0.0,0.0,0.26307333,0.263095,0.5720049,0.52030593,0.520317,4.057299,0.0025095637,0.002509597,0.002508012,0.09015429,0.0,0.0,0.0,0.0,0.0,0.00036961277,0.004834087,0.009152866,0.0,0.0,0.0,0.0,0.0,0.0
1781038566,-0.11115432,-0.055692077,-0.17811821,0.080345154,0.09192276,0.52362823,-0.010261223,-0.0023414493,0.004729092,-0.14385289,0.0,0.0,0.0,0.0,0.0,0.26308474,0.26310468,0.57201236,0.5189374,0.51894957,4.0574074,0.0025095637,0.002509597,0.002508012,0.09015408,0.0,0.0,0.0,0.0,0.0,0.00014265686,0.004694068,0.007737234,0.0,0.0,0.0,0.0,0.0,0.0
1781239225,0.002654314,-0.11486328,0.044798866,0.080696106,0.074920654,-0.33675194,-0.010261223,-0.0023414493,0.004729092,0.022258878,0.0,0.0,0.0,0.0,0.0,0.26309672,0.2631137,0.5720181,0.5175543,0.5175673,4.05747,0.0025095637,0.002509597,0.002508012,0.0901538,0.0,0.0,0.0,0.0,0.0,0.000115472976,0.004381141,0.009923465,0.0,0.0,0.0,0.0,0.0,0.0
1781440072,0.13730764,-0.09970224,-0.18367589,0.0996933,0.07226944,-0.22777176,-0.010261223,-0.0023414493,0.004729092,0.05493754,0.0,0.0,0.0,0.0,0.0,0.26311576,0.2631295,0.5720199,0.51748496,0.5174983,4.0575476,0.0025095637,0.002509597,0.002508012,0.09015365,0.0,0.0,0.0,0.0,0.0,0.00027608548,0.012537103,0.040095616,0.0,0.0,0.0,0.0,0.0,0.0
1781640905,0.0018928051,-0.01823783,-0.18520725,0.077949524,0.07626343,-0.179039,-0.010261223,-0.0023414493,0.004729092,0.032640398,0.0,0.0,0.0,0.0,0.0,0.2631346,0.26314527,0.57202226,0.51475555,0.51476884,4.0576196,0.0025095637,0.002509597,0.002508012,0.090153635,0.0,0.0,0.0,0.0,0.0,0.00039852737,0.010913501,0.0362118,0.0,0.0,0.0,0.0,0.0,0.0
1781844610,-0.02982378,-0.14575016,-0.02442345,0.047409058,0.04813385,-0.44672585,0.02364099,0.0070281923,0.02506107,0.020270646,0.0,0.0,0.0,0.0,0.0,0.26306725,0.26307517,0.5719919,0.5130174,0.5130301,4.057715,0.002689166,0.0026904666,0.0030419454,0.09015353,0.0,0.0,0.0,0.0,0.0,0.00048169715,0.014107359,0.04893603,0.0,0.0,0.0,0.0,0.0,0.0
1782046616,-0.07440996,0.0036990643,-0.19918577,0.025497437,0.05527115,-0.14131737,-0.017708898,0.01755464,0.03055638,0.020270646,0.0,0.0,0.0,0.0,0.0,0.2631754,0.26317203,0.5720436,0.5071556,0.50716186,4.057745,0.00260952,0.0026139831,0.0026831941,0.09015353,0.0,0.0,0.0,0.0,0.0,0.0008831058,0.017391218,0.05445346,0.0,0.0,0.0,0.0,0.0,0.0
1782245811,-0.07440996,0.0036990643,-0.19918577,0.025497437,0.05527115,0.25914,-0.01262632,-0.008403018,-0.011720926,0.020270646,0.0,0.0,0.0,0.0,0.0,0.2631754,0.26317203,0.5720436,0.5071556,0.50716186,4.057663,0.002586181,0.0025870022,0.002615194,0.09015353,0.0,0.0,0.0,0.0,0.0,0.0014566256,0.015637847,0.053921375,0.0,0.0,0.0,0.0,0.0,0.0
1782450399,0.0484097,-0.15502572,-0.15489113,0.029956818,0.011146545,-1.0423107,0.0037446022,-0.009736344,-0.043748885,0.020270646,0.0,0.0,0.0,0.0,0.0,0.2638822,0.26404744,0.57203716,0.5110824,0.5110855,4.057414,0.0025686899,0.0025688652,0.0025810425,0.09015353,0.0,0.0,0.0,0.0,0.0,0.0011457563,0.022520835,0.07298602,0.0,0.0,0.0,0.0,0.0,0.0
1782651712,0.0484097,-0.15502572,-0.15489113,0.029956818,0.011146545,-1.0970554,-0.020059377,-0.005972475,0.011441439,0.020270646,0.0,0.0,0.0,0.0,0.0,0.2638822,0.26404744,0.57203716,0.5110824,0.5110855,4.0576806,0.0025559007,0.0025585168,0.002563757,0.09015353,0.0,0.0,0.0,0.0,0.0,0.00087470823,0.021835769,0.07425789,0.0,0.0,0.0,0.0,0.0,0.0
1782852400,-0.024992943,-0.0135064125,-0.074751854,0.008300781,-0.03568268,0.029212952,-0.009569928,-0.01348868,-0.015416384,0.020270646,0.0,0.0,0.0,0.0,0.0,0.26403424,0.26421642,0.5720249,0.51655567,0.5165939,4.0572834,0.0025436769,0.0025519773,0.002553917,0.09015353,0.0,0.0,0.0,0.0,0.0,0.00076594896,0.01836106,0.05644207,0.0,0.0,0.0,0.0,0.0,0.0
1783052058,-0.024992943,-0.0135064125,-0.074751854,0.008300781,-0.03568268,-0.62680817,-0.007831901,0.0036334693,0.010399729,0.020270646,0.0,0.0,0.0,0.0,0.0,0.26403424,0.26421642,0.5720249,0.51655567,0.5165939,4.057587,0.0025375988,0.0025472967,0.002548452,0.09015353,0.0,0.0,0.0,0.0,0.0,0.0006268807,0.024663847,0.0796718,0.0,0.0,0.0,0.0,0.0,0.0
1783252850,0.2308197,0.3142004,-0.11326474,0.10986328,0.07869339,-0.4867592,0.019804917,-0.020221815,-0.04837832,0.020270646,0.0,0.0,0.0,0.0,0.0,0.26431084,0.2642832,0.5720117,0.5201698,0.52022314,4.057325,0.0025360081,0.0025434147,0.0025443647,0.09015353,0.0,0.0,0.0,0.0,0.0,0.00047076956,0.016807113,0.05720175,0.0,0.0,0.0,0.0,0.0,0.0
1783453648,-0.0019965172,0.2902856,-0.18219638,0.10126495,0.105285645,-0.23908806,-0.0033450574,0.0040154755,0.0041903555,0.020270646,0.0,0.0,0.0,0.0,0.0,0.26445574,0.26422033,0.57200515,0.518981,0.51902604,4.057159,0.0025318908,0.0025390387,0.0025388484,0.09015353,0.0,0.0,0.0,0.0,0.0,0.0006294877,0.016579356,0.04432134,0.0,0.0,0.0,0.0,0.0,0.0
1783659391,-0.10621953,0.03548479,-0.2671427,0.063835144,0.07178116,-0.375103,0.01003176,-0.011086732,-0.03220877,0.020270646,0.0,0.0,0.0,0.0,0.0,0.2645226,0.26401716,0.57190365,0.51649195,0.5164547,4.0569754,0.0025274644,0.002535815,0.002533997,0.09015353,0.0,0.0,0.0,0.0,0.0,0.0006492146,0.019664876,0.041843347,0.0,0.0,0.0,0.0,0.0,0.0
1783866780,-0.06866908,0.03237152,-0.1610449,0.035144806,0.032878876,0.46947098,-0.011082917,-0.00074388087,0.011893958,0.020270646,0.0,0.0,0.0,0.0,0.0,0.26455125,0.26394206,0.5719689,0.5150536,0.514949,4.0574627,0.0025252015,0.0025325757,0.0025300523,0.09015353,0.0,0.0,0.0,0.0,0.0,0.0002513993,0.016271248,0.039871763,0.0,0.0,0.0,0.0,0.0,0.0
1784067179,-0.08404708,-0.00630188,-0.122879565,-0.032699585,-0.08268738,-0.3766613,0.010049224,0.005722061,0.011898696,0.020270646,0.0,0.0,0.0,0.0,0.0,0.26445356,0.26377347,0.5719044,0.51441073,0.5142377,4.056931,0.0025238448,0.002529433,0.0025272474,0.09015353,0.0,0.0,0.0,0.0,0.0,0.00039060254,0.013175739,0.0326914,0.0,0.0,0.0,0.0,0.0,0.0
1784268961,-0.050956488,-0.11583519,-0.04184425,0.039813995,0.042266846,0.27012634,-0.0052583665,0.007841378,0.029459238,0.020270646,0.0,0.0,0.0,0.0,0.0,0.26476482,0.26400173,0.57193124,0.5156237,0.51533055,4.0572577,0.0025218958,0.002525686,0.0025244437,0.09015353,0.0,0.0,0.0,0.0,0.0,0.000711498,0.012269013,0.02172617,0.0,0.0,0.0,0.0,0.0,0.0
1784476812,-0.0052948,-0.115474224,-0.047307372,0.061908722,0.052574158,-0.43115234,-0.0002361238,-0.008057773,-0.02159965,0.020270646,0.0,0.0,0.0,0.0,0.0,0.26493496,0.2641965,0.571978,0.5160147,0.5156223,4.0573535,0.0025200509,0.002522829,0.002522341,0.09015353,0.0,0.0,0.0,0.0,0.0,0.0003840043,0.0108162,0.016751496,0.0,0.0,0.0,0.0,0.0,0.0
1784681017,0.0046203136,-0.19751978,0.01493907,0.01153183,-0.090034485,-1.0176048,0.0002054125,0.005598575,0.0019010305,0.020270646,0.0,0.0,0.0,0.0,0.0,0.26478764,0.26414427,0.5719263,0.5152678,0.5148256,4.056868,0.0025189174,0.0025209424,0.002520871,0.09015353,0.0,0.0,0.0,0.0,0.0,0.0005146791,0.019729897,0.03711874,0.0,0.0,0.0,0.0,0.0,0.0
1784881665,-0.10382199,-0.18152285,0.14801371,0.015460968,-0.12496185,0.08823395,0.019559622,-0.0021706969,-0.042520046,0.020270646,0.0,0.0,0.0,0.0,0.0,0.2647785,0.26427165,0.5719374,0.5153645,0.5148675,4.0569053,0.00251791,0.002519232,0.0025193845,0.09015353,0.0,0.0,0.0,0.0,0.0,0.00057971996,0.02694791,0.06442851,0.0,0.0,0.0,0.0,0.0,0.0
1785085642,-0.024018288,-0.16982937,0.19070828,-0.003540039,-0.13096619,0.020111084,-0.015436463,-0.014832512,0.02311802,0.020270646,0.0,0.0,0.0,0.0,0.0,0.2647129,0.2643423,0.57194406,0.51544625,0.51491934,4.056963,0.0025171377,0.002518124,0.0025182837,0.09015353,0.0,0.0,0.0,0.0,0.0,0.0007187771,0.028116737,0.066946276,0.0,0.0,0.0,0.0,0.0,0.0
1785286512,0.026987076,-0.31136465,0.2451731,0.010566711,-0.16348267,-0.6609764,0.016854808,-0.010779813,-0.05173734,0.020270646,0.0,0.0,0.0,0.0,0.0,0.26461264,0.2643855,0.5719435,0.5154753,0.5149453,4.057019,0.0025165908,0.002517202,0.002517394,0.09015353,0.0,0.0,0.0,0.0,0.0,0.0009209677,0.033851214,0.07478444,0.0,0.0,0.0,0.0,0.0,0.0
1785487418,0.06047821,-0.23278856,0.20242453,-0.024536133,-0.28095245,-0.25344086,0.011611298,0.010099158,0.020204723,0.020270646,0.0,0.0,0.0,0.0,0.0,0.26436594,0.26425627,0.57195824,0.5148257,0.51432794,4.0567703,0.0025159332,0.0025163123,0.0025164543,0.09015353,0.0,0.0,0.0,0.0,0.0,0.0009561294,0.035756003,0.087400705,0.0,0.0,0.0,0.0,0.0,0.0
1785687994,-0.017688751,-0.29803944,0.27951002,0.025917053,-0.16383362,-0.3820343,0.005749218,-0.007115081,-0.022039205,0.020270646,0.0,0.0,0.0,0.0,0.0,0.26434323,0.26435658,0.5719442,0.5169838,0.5165159,4.0571256,0.0025151744,0.002515633,0.0025156308,0.09015353,0.0,0.0,0.0,0.0,0.0,0.0010232567,0.037336614,0.09004996,0.0,0.0,0.0,0.0,0.0,0.0
1785895977,0.021745205,-0.06358528,0.36192763,0.025367737,-0.1576767,-0.11911774,0.013843395,0.014452592,0.015674084,0.020270646,0.0,0.0,0.0,0.0,0.0,0.26420033,0.26427767,0.57193816,0.5169844,0.5165759,4.0571623,0.0025144408,0.0025150594,0.0025148636,0.09015353,0.0,0.0,0.0,0.0,0.0,0.0006731802,0.022205738,0.0583074,0.0,0.0,0.0,0.0,0.0,0.0
1786096830,0.12882566,-0.0066189766,0.20475698,0.010757446,-0.1322937,1.5075035,0.0053799823,0.009154096,0.013295025,0.020270646,0.0,0.0,0.0,0.0,0.0,0.2641419,0.2642362,0.57193065,0.51693094,0.51659167,4.0569296,0.0025140801,0.0025148082,0.0025144008,0.09015353,0.0,0.0,0.0,0.0,0.0,0.00051663275,0.024091268,0.07085748,0.0,0.0,0.0,0.0,0.0,0.0
1786297791,0.05685258,0.0035595894,0.16825414,0.0006866455,-0.104133606,-0.39367294,0.008141115,0.0139936805,0.0036616921,0.020270646,0.0,0.0,0.0,0.0,0.0,0.26407436,0.26414815,0.57192504,0.51826453,0.51799685,4.056972,0.002513424,0.0025143332,0.0025137896,0.09015353,0.0,0.0,0.0,0.0,0.0,0.00035930832,0.026042227,0.08225062,0.0,0.0,0.0,0.0,0.0,0.0
1786501425,0.08410311,0.016971588,0.1233989,-0.017982483,-0.12713623,0.07778168,0.010408588,0.0080898255,-0.00409323,0.020270646,0.0,0.0,0.0,0.0,0.0,0.2639583,0.26398924,0.57189155,0.51790214,0.5177022,4.0572996,0.0025128433,0.002513752,0.0025131544,0.09015353,0.0,0.0,0.0,0.0,0.0,0.000367236,0.014959274,0.04682517,0.0,0.0,0.0,0.0,0.0,0.0
1786702401,0.089579105,0.03418398,0.13342285,0.0032196045,-0.04508972,-0.07098389,0.014181726,0.005276695,-0.0015135407,0.020270646,0.0,0.0,0.0,0.0,0.0,0.26398185,0.26395565,0.5719143,0.51823014,0.51809037,4.0571713,0.0025123085,0.0025131544,0.0025125595,0.09015353,0.0,0.0,0.0,0.0,0.0,0.00045552698,0.0125844795,0.032290313,0.0,0.0,0.0,0.0,0.0,0.0
1786911629,-0.0013177395,0.01950264,-0.014753938,-0.008506775,-0.06098938,-0.1488533,0.0023194924,-0.012757108,-0.011718869,0.020270646,0.0,0.0,0.0,0.0,0.0,0.26389176,0.2638074,0.57190454,0.5180238,0.5179313,4.0569024,0.0025118268,0.0025124992,0.0025119667,0.09015353,0.0,0.0,0.0,0.0,0.0,0.00024678503,0.0069792783,0.014369632,0.0,0.0,0.0,0.0,0.0,0.0
1787112410,0.11725211,0.045935154,0.058755398,0.0041656494,-0.038856506,-0.12125397,-0.0051006153,-0.004597515,0.006878823,0.020270646,0.0,0.0,0.0,0.0,0.0,0.26386258,0.2637246,0.5719084,0.51800823,0.5179509,4.05673,0.0025115316,0.0025119502,0.0025114964,0.09015353,0.0,0.0,0.0,0.0,0.0,0.00026379258,0.012027831,0.032013986,0.0,0.0,0.0,0.0,0.0,0.0
1787316000,0.09341192,0.019852161,-0.007338643,0.0074691772,-0.022972107,1.0938759,0.012538396,-0.02418366,-0.054213077,0.020270646,0.0,0.0,0.0,0.0,0.0,0.26391563,0.26371476,0.5719169,0.519354,0.51931965,4.0568123,0.0025115488,0.0025115472,0.0025111681,0.09015353,0.0,0.0,0.0,0.0,0.0,0.00044256632,0.014391386,0.041231077,0.0,0.0,0.0,0.0,0.0,0.0
1787516592,0.05733013,0.0959301,0.11705625,0.010055542,-0.011550903,-0.49654007,-0.0027737245,0.0006182492,0.01133281,0.020270646,0.0,0.0,0.0,0.0,0.0,0.26397452,0.26370484,0.57191974,0.5193437,0.51932144,4.0568476,0.0025111302,0.0025110578,0.0025106713,0.09015353,0.0,0.0,0.0,0.0,0.0,0.00047784802,0.012495503,0.028558994,0.0,0.0,0.0,0.0,0.0,0.0
1787725605,0.01043582,0.14047194,-0.053486586,0.0021591187,-0.049446106,0.007858276,0.013749301,-0.025021076,-0.0088401735,0.020270646,0.0,0.0,0.0,0.0,0.0,0.26389572,0.26358247,0.57189393,0.51901966,0.51899964,4.0571847,0.0025105604,0.002510726,0.0025102058,0.09015353,0.0,0.0,0.0,0.0,0.0,0.00033959743,0.013174255,0.029480001,0.0,0.0,0.0,0.0,0.0,0.0
1787929456,0.10409808,0.071340084,-0.05618012,0.03933716,0.04068756,-0.13371277,0.008518435,-0.018146008,-0.04512149,0.020270646,0.0,0.0,0.0,0.0,0.0,0.26394233,0.26360026,0.5718725,0.51823163,0.518203,4.0568137,0.0025102803,0.0025104545,0.0025098936,0.09015353,0.0,0.0,0.0,0.0,0.0,0.0004424183,0.017534561,0.04273765,0.0,0.0,0.0,0.0,0.0,0.0
1788130228,0.12413669,0.081801414,-0.028494596,0.032073975,-0.011817932,0.7958946,-0.0016281232,0.002519533,0.006574005,-0.0012282133,0.0,0.0,0.0,0.0,0.0,0.26379302,0.2634445,0.5719198,0.51781464,0.5177733,4.05712,0.0025101423,0.0025103223,0.002509731,0.09019932,0.0,0.0,0.0,0.0,0.0,0.00047753536,0.018375326,0.052604783,0.0,0.0,0.0,0.0,0.0,0.0
1788331203,0.03779292,0.08141279,-0.0746665,0.042411804,-0.0055618286,0.45305252,-0.0016281232,0.002519533,0.006574005,-0.07358158,0.0,0.0,0.0,0.0,0.0,0.26374725,0.26339838,0.57191926,0.51782954,0.51776993,4.0569277,0.0025101423,0.0025103223,0.002509731,0.09019778,0.0,0.0,0.0,0.0,0.0,0.00094304484,0.01414776,0.042611666,0.0,0.0,0.0,0.0,0.0,0.0
1788532045,0.09463167,-0.0039463043,0.052370906,0.05872345,6.866455e-05,0.02645874,-0.0016281232,0.002519533,0.006574005,-0.089675665,0.0,0.0,0.0,0.0,0.0,0.2637074,0.2633471,0.57192117,0.5178398,0.51775885,4.056985,0.0025101423,0.0025103223,0.002509731,0.0901961,0.0,0.0,0.0,0.0,0.0,0.0011819035,0.0062581194,0.020811707,0.0,0.0,0.0,0.0,0.0,0.0
1788732045,0.05363226,0.087863445,0.03293574,0.03781128,-0.052337646,0.10695648,-0.0016281232,0.002519533,0.006574005,-0.11361015,0.0,0.0,0.0,0.0,0.0,0.26362035,0.2632363,0.57188785,0.51747304,0.51737094,4.05703,0.0025101423,0.0025103223,0.002509731,0.09019452,0.0,0.0,0.0,0.0,0.0,0.0015562944,0.008115493,0.027582455,0.0,0.0,0.0,0.0,0.0,0.0
1788933135,0.09849286,0.1703496,-0.005143523,0.051086426,-0.020980835,-0.49295044,-0.0016281232,0.002519533,0.006574005,0.0048730373,0.0,0.0,0.0,0.0,0.0,0.2636163,0.26320767,0.5718861,0.5175204,0.5173912,4.057042,0.0025101423,0.0025103223,0.002509731,0.0901928,0.0,0.0,0.0,0.0,0.0,0.00089270604,0.011978781,0.034788437,0.0,0.0,0.0,0.0,0.0,0.0
1789137607,0.030053854,0.04283476,0.014630675,0.04749298,-0.00504303,0.51003265,-0.0016281232,0.002519533,0.006574005,-0.064611435,0.0,0.0,0.0,0.0,0.0,0.26361883,0.26317286,0.5718842,0.5175606,0.5174019,4.057317,0.0025101423,0.0025103223,0.002509731,0.09019152,0.0,0.0,0.0,0.0,0.0,0.00048660295,0.005687261,0.013684791,0.0,0.0,0.0,0.0,0.0,0.0
1789338553,0.027844429,0.09191656,0.08779359,0.04359436,0.0033569336,-0.22659683,-0.0016281232,0.002519533,0.006574005,0.017534733,0.0,0.0,0.0,0.0,0.0,0.26363558,0.2631674,0.5718798,0.51759946,0.5174091,4.0573735,0.0025101423,0.0025103223,0.002509731,0.09019052,0.0,0.0,0.0,0.0,0.0,0.00023753183,0.0064685,0.015138897,0.0,0.0,0.0,0.0,0.0,0.0
1789542265,-0.021766663,0.06428194,0.06548488,0.029708862,0.013221741,-1.4378624,-0.0016281232,0.002519533,0.006574005,-0.16533875,0.0,0.0,0.0,0.0,0.0,0.2636054,0.2631223,0.5718727,0.5175999,0.51737803,4.0574837,0.0025101423,0.0025103223,0.002509731,0.090189375,0.0,0.0,0.0,0.0,0.0,0.0009188321,0.015867269,0.050158728,0.0,0.0,0.0,0.0,0.0,0.0
1789743311,-0.01821518,0.094088554,-0.003837347,0.038658142,0.062316895,-0.7557564,-0.0016281232,0.002519533,0.006574005,-0.07895708,0.0,0.0,0.0,0.0,0.0,0.26361313,0.26313642,0.5718875,0.51915145,0.51889783,4.057445,0.0025101423,0.0025103223,0.002509731,0.09018767,0.0,0.0,0.0,0.0,0.0,0.0014872425,0.014275913,0.0426047,0.0,0.0,0.0,0.0,0.0,0.0
1789944102,0.10067463,0.07106209,-0.060598493,0.037498474,0.06739807,0.47311783,-0.0016281232,0.002519533,0.006574005,-0.059856296,0.0,0.0,0.0,0.0,0.0,0.263618,0.26314828,0.5718796,0.5191741,0.5188941,4.0572004,0.0025101423,0.0025103223,0.002509731,0.09018647,0.0,0.0,0.0,0.0,0.0,0.0010601758,0.007917702,0.02228715,0.0,0.0,0.0,0.0,0.0,0.0
1790148035,0.015256882,0.014988899,-0.06661749,0.0049362183,0.012290955,0.5645561,-0.0016281232,0.002519533,0.006574005,-0.06845999,0.0,0.0,0.0,0.0,0.0,0.26351464,0.26306304,0.5718441,0.5188127,0.5185159,4.0569563,0.0025101423,0.0025103223,0.002509731,0.09018541,0.0,0.0,0.0,0.0,0.0,0.00092271424,0.006988972,0.020748246,0.0,0.0,0.0,0.0,0.0,0.0
1790348896,0.013184309,0.08096886,0.0062435865,-0.0018615723,-0.024925232,0.20013428,-0.0016281232,0.002519533,0.006574005,-0.04088235,0.0,0.0,0.0,0.0,0.0,0.26344168,0.2630127,0.5718149,0.5185308,0.518219,4.0569897,0.0025101423,0.0025103223,0.002509731,0.09018428,0.0,0.0,0.0,0.0,0.0,0.0010946047,0.005681998,0.012688826,0.0,0.0,0.0,0.0,0.0,0.0
1790553656,0.051668406,0.08630371,0.023942828,0.04258728,0.1013031,-0.0005187988,-0.0016281232,0.002519533,0.006574005,-0.014312983,0.0,0.0,0.0,0.0,0.0,0.2635652,0.26315466,0.5718011,0.5192974,0.5189577,4.056804,0.0025101423,0.0025103223,0.002509731,0.090183124,0.0,0.0,0.0,0.0,0.0,0.0009758155,0.0055710655,0.013333546,0.0,0.0,0.0,0.0,0.0,0.0
1790754481,0.11621666,0.07456255,0.061561227,0.024139404,0.024902344,0.31948853,-0.0016281232,0.002519533,0.006574005,-0.066697955,0.0,0.0,0.0,0.0,0.0,0.26343817,0.26305866,0.5718431,0.5201393,0.5197988,4.0567355,0.0025101423,0.0025103223,0.002509731,0.090181954,0.0,0.0,0.0,0.0,0.0,0.00029470737,0.0051127872,0.011945627,0.0,0.0,0.0,0.0,0.0,0.0
1790954231,0.030454397,0.03267622,0.13178658,0.022956848,0.029220581,0.1348877,-0.0016281232,0.002519533,0.006574005,-0.061105013,0.0,0.0,0.0,0.0,0.0,0.26341176,0.26306233,0.5718446,0.5201724,0.5198253,4.056948,0.0025101423,0.0025103223,0.002509731,0.09018125,0.0,0.0,0.0,0.0,0.0,0.00022496594,0.0029708256,0.00848329,0.0,0.0,0.0,0.0,0.0,0.0
1791158985,0.040442467,0.042322636,0.04678905,0.044929504,0.058906555,-0.6232681,-0.0016281232,0.002519533,0.006574005,-0.026182413,0.0,0.0,0.0,0.0,0.0,0.26340902,0.2630876,0.57187176,0.5204011,0.5200497,4.0569777,0.0025101423,0.0025103223,0.002509731,0.090180196,0.0,0.0,0.0,0.0,0.0,0.00015800547,0.005365297,0.017824462,0.0,0.0,0.0,0.0,0.0,0.0
1791360014,0.0463984,-0.010406017,0.09228575,0.042381287,0.05558777,-0.11988449,-0.0016281232,0.002519533,0.006574005,-0.017350197,0.0,0.0,0.0,0.0,0.0,0.2633645,0.263075,0.571794,0.5190633,0.5187137,4.0567617,0.0025101423,0.0025103223,0.002509731,0.090178855,0.0,0.0,0.0,0.0,0.0,0.00036490025,0.002785506,0.0077316836,0.0,0.0,0.0,0.0,0.0,0.0
1791560049,0.10744381,0.11945152,0.112989426,0.05784607,0.06111908,-1.2051506,-0.0016281232,0.002519533,0.006574005,-0.024022698,0.0,0.0,0.0,0.0,0.0,0.26331294,0.26305076,0.571796,0.519024,0.51868,4.056836,0.0025101423,0.0025103223,0.002509731,0.09017757,0.0,0.0,0.0,0.0,0.0,0.0005671638,0.0054383064,0.014754714,0.0,0.0,0.0,0.0,0.0,0.0
1791764628,0.04940462,0.058899403,0.0957886,0.063430786,0.059516907,-0.08561325,-0.0016281232,0.002519533,0.006574005,-0.0069508553,0.0,0.0,0.0,0.0,0.0,0.26331532,0.26306948,0.5717977,0.5190209,0.5186838,4.0568748,0.0025101423,0.0025103223,0.002509731,0.09017641,0.0,0.0,0.0,0.0,0.0,0.00067044294,0.00443963,0.013118527,0.0,0.0,0.0,0.0,0.0,0.0
1791965418,0.08921385,-0.007975578,0.13492322,0.049468994,0.004211426,0.03175354,-0.0016281232,0.002519533,0.006574005,0.016194344,0.0,0.0,0.0,0.0,0.0,0.2632754,0.26304093,0.57184494,0.5186843,0.5183593,4.0569673,0.0025101423,0.0025103223,0.002509731,0.09017547,0.0,0.0,0.0,0.0,0.0,0.0002721955,0.0030412388,0.008259736,0.0,0.0,0.0,0.0,0.0,0.0
1792166414,0.101377726,-0.020558357,0.08047593,0.051750183,0.004928589,0.55742264,-0.0016281232,0.002519533,0.006574005,0.015335798,0.0,0.0,0.0,0.0,0.0,0.26328152,0.26305944,0.5717664,0.5200475,0.5197314,4.056896,0.0025101423,0.0025103223,0.002509731,0.09017459,0.0,0.0,0.0,0.0,0.0,0.00025530366,0.0041829194,0.008406887,0.0,0.0,0.0,0.0,0.0,0.0
1792370415,0.011551857,0.022467613,0.13827395,0.05784607,0.046455383,0.41593552,-0.0016281232,0.002519533,0.006574005,-0.03588915,0.0,0.0,0.0,0.0,0.0,0.26333666,0.26313555,0.5717927,0.5202756,0.5199676,4.056695,0.0025101423,0.0025103223,0.002509731,0.0901738,0.0,0.0,0.0,0.0,0.0,0.00021366679,0.0020087522,0.0034178603,0.0,0.0,0.0,0.0,0.0,0.0
1792571213,0.01189518,0.02897501,0.13444555,0.04347229,0.05101776,0.21108627,-0.0016281232,0.002519533,0.006574005,-0.033315897,0.0,0.0,0.0,0.0,0.0,0.26336575,0.26319242,0.5717978,0.5203114,0.5200156,4.056488,0.0025101423,0.0025103223,0.002509731,0.09017297,0.0,0.0,0.0,0.0,0.0,0.00078263594,0.00555474,0.01975575,0.0,0.0,0.0,0.0,0.0,0.0
1792771022,0.055472374,0.087667465,0.22474289,0.044540405,0.06285095,0.2584839,-0.0016281232,0.002519533,0.006574005,0.002101779,0.0,0.0,0.0,0.0,0.0,0.2633791,0.2632319,0.5718054,0.52170086,0.52142006,4.056862,0.0025101423,0.0025103223,0.002509731,0.09017254,0.0,0.0,0.0,0.0,0.0,0.0011306225,0.0070554544,0.018142832,0.0,0.0,0.0,0.0,0.0,0.0
1792975829,0.07485509,0.055817604,0.16092288,0.037872314,0.06548309,-0.10832977,-0.0016281232,0.002519533,0.006574005,-0.10381186,0.0,0.0,0.0,0.0,0.0,0.26338562,0.2632685,0.5718068,0.52171445,0.5214503,4.056664,0.0025101423,0.0025103223,0.002509731,0.09017208,0.0,0.0,0.0,0.0,0.0,0.00060683605,0.004415955,0.012381755,0.0,0.0,0.0,0.0,0.0,0.0
1793176835,-0.04358411,0.11163998,0.13656676,0.037834167,0.07621765,0.102207184,-0.0016281232,0.002519533,0.006574005,-0.05454147,0.0,0.0,0.0,0.0,0.0,0.26339334,0.26329848,0.57180965,0.5217601,0.52151436,4.056745,0.0025101423,0.0025103223,0.002509731,0.09017158,0.0,0.0,0.0,0.0,0.0,0.00028582523,0.0082603935,0.022890784,0.0,0.0,0.0,0.0,0.0,0.0
1793381634,0.07187033,-0.02118826,0.2264483,0.03756714,0.07385254,-0.8900871,-0.0016281232,0.002519533,0.006574005,0.053759336,0.0,0.0,0.0,0.0,0.0,0.26339722,0.26332098,0.5717366,0.5217995,0.5215735,4.0565596,0.0025101423,0.0025103223,0.002509731,0.09017113,0.0,0.0,0.0,0.0,0.0,0.00016515722,0.002014241,0.007088664,0.0,0.0,0.0,0.0,0.0,0.0
1793581386,-0.03176427,0.007101059,0.11458266,0.023239136,0.070373535,-1.3215561,-0.0016281232,0.002519533,0.006574005,0.021493554,0.0,0.0,0.0,0.0,0.0,0.26340026,0.2633361,0.5717405,0.52180374,0.5215976,4.0566497,0.0025101423,0.0025103223,0.002509731,0.09017064,0.0,0.0,0.0,0.0,0.0,0.0001713179,0.0038551753,0.007785725,0.0,0.0,0.0,0.0,0.0,0.0
1793786202,0.015491247,-0.04322052,0.17736661,0.01599884,0.06201172,-0.57268906,-0.0016281232,0.002519533,0.006574005,0.07402825,0.0,0.0,0.0,0.0,0.0,0.26339516,0.26334283,0.57174534,0.52183723,0.5216507,4.0567365,0.0025101423,0.0025103223,0.002509731,0.090169944,0.0,0.0,0.0,0.0,0.0,8.1424e-05,0.004919107,0.0121876085,0.0,0.0,0.0,0.0,0.0,0.0
1793987005,0.077361345,-0.023174286,0.1658535,-0.020088196,-0.0476532,0.032569885,-0.0016281232,0.002519533,0.006574005,-0.02181089,0.0,0.0,0.0,0.0,0.0,0.26328194,0.26323906,0.571764,0.5225588,0.5223939,4.0568023,0.0025101423,0.0025103223,0.002509731,0.090169236,0.0,0.0,0.0,0.0,0.0,0.00014226389,0.005667997,0.013895918,0.0,0.0,0.0,0.0,0.0,0.0
1794187237,0.06351042,-0.048637867,0.14677656,0.029769897,0.06562805,-1.1707268,-0.0016281232,0.002519533,0.006574005,-0.002598405,0.0,0.0,0.0,0.0,0.0,0.26338986,0.26335856,0.5717541,0.52335715,0.5232075,4.05688,0.0025101423,0.0025103223,0.002509731,0.09016881,0.0,0.0,0.0,0.0,0.0,0.0003014952,0.012349827,0.0388301,0.0,0.0,0.0,0.0,0.0,0.0
1794387826,-0.013389587,-0.07948208,0.078974724,0.005355835,-0.0072021484,-0.8326111,-0.0016281232,0.002519533,0.006574005,0.006988883,0.0,0.0,0.0,0.0,0.0,0.26329476,0.263275,0.5717243,0.5230058,0.52287513,4.0570874,0.0025101423,0.0025103223,0.002509731,0.09016828,0.0,0.0,0.0,0.0,0.0,0.00017001685,0.0070304484,0.015245961,0.0,0.0,0.0,0.0,0.0,0.0
1794592866,-0.055541515,0.021424294,0.044605255,0.023590088,0.08796692,0.7152672,-0.0016281232,0.002519533,0.006574005,-0.07079184,0.0,0.0,0.0,0.0,0.0,0.26342136,0.26340765,0.57177794,0.52357817,0.52346355,4.0570946,0.0025101423,0.0025103223,0.002509731,0.09016756,0.0,0.0,0.0,0.0,0.0,0.00059471367,0.0058908733,0.0157691,0.0,0.0,0.0,0.0,0.0,0.0
1794793764,-0.05064535,0.0014014244,0.11967015,-0.0005264282,0.027877808,0.0692482,-0.0016281232,0.002519533,0.006574005,0.06771314,0.0,0.0,0.0,0.0,0.0,0.26336104,0.2633531,0.571744,0.52460027,0.52450174,4.0571246,0.0025101423,0.0025103223,0.002509731,0.090166986,0.0,0.0,0.0,0.0,0.0,0.00056572777,0.00585464,0.012403382,0.0,0.0,0.0,0.0,0.0,0.0
1794993701,0.036407232,-0.038593292,0.089954495,-0.0074386597,0.022201538,-0.3664322,-0.0016281232,0.002519533,0.006574005,-0.06399214,0.0,0.0,0.0,0.0,0.0,0.26341647,0.2634096,0.5718154,0.52463305,0.5245477,4.057143,0.0025101423,0.0025103223,0.002509731,0.090166435,0.0,0.0,0.0,0.0,0.0,0.0005702397,0.0057512606,0.016876278,0.0,0.0,0.0,0.0,0.0,0.0
1795194232,0.052518368,-0.069185734,0.14387369,-0.017822266,-0.04121399,0.4194603,-0.0016281232,0.002519533,0.006574005,-0.06723285,0.0,0.0,0.0,0.0,0.0,0.26340038,0.26339406,0.57178116,0.52572805,0.52565426,4.056796,0.0025101423,0.0025103223,0.002509731,0.09016606,0.0,0.0,0.0,0.0,0.0,0.00045902692,0.013420334,0.045123804,0.0,0.0,0.0,0.0,0.0,0.0
1795395054,0.02319479,-0.024130821,0.12838256,-0.0002670288,-0.0074310303,0.124946594,-0.0016281232,0.002519533,0.006574005,-0.111781,0.0,0.0,0.0,0.0,0.0,0.26344636,0.26344338,0.5717303,0.52601683,0.52595264,4.0568256,0.0025101423,0.0025103223,0.002509731,0.09016552,0.0,0.0,0.0,0.0,0.0,0.000574789,0.013809564,0.04693311,0.0,0.0,0.0,0.0,0.0,0.0
1795595781,-0.019921541,-0.020903587,0.12954235,-0.005256653,-0.009292603,-0.07432556,-0.0016281232,0.002519533,0.006574005,-0.004079342,0.0,0.0,0.0,0.0,0.0,0.26345694,0.26345527,0.5717321,0.526099,0.5260438,4.0568757,0.0025101423,0.0025103223,0.002509731,0.09016516,0.0,0.0,0.0,0.0,0.0,0.00031237802,0.005112454,0.015184848,0.0,0.0,0.0,0.0,0.0,0.0
1795800045,-0.067798376,-0.07358074,0.17459404,-0.0135269165,-0.017089844,0.49215698,-0.0016281232,0.002519533,0.006574005,0.0011421442,0.0,0.0,0.0,0.0,0.0,0.26345056,0.26345015,0.57173276,0.5261403,0.52609265,4.056936,0.0025101423,0.0025103223,0.002509731,0.09016465,0.0,0.0,0.0,0.0,0.0,0.00031315966,0.009914315,0.028717842,0.0,0.0,0.0,0.0,0.0,0.0
1796000868,-0.077558994,0.04475689,0.06534994,-0.023666382,0.004211426,0.6403389,-0.0016281232,0.002519533,0.006574005,-0.06629026,0.0,0.0,0.0,0.0,0.0,0.2634844,0.26348126,0.571735,0.5275761,0.52753466,4.0569596,0.0025101423,0.0025103223,0.002509731,0.09016454,0.0,0.0,0.0,0.0,0.0,0.00063880003,0.007838278,0.02181991,0.0,0.0,0.0,0.0,0.0,0.0
1796201773,-0.025763988,0.024065971,0.16415071,-0.019111633,0.01322937,0.4707756,-0.0016281232,0.002519533,0.006574005,-0.05876851,0.0,0.0,0.0,0.0,0.0,0.26349738,0.26349294,0.57173705,0.52765673,0.52762014,4.0570107,0.0025101423,0.0025103223,0.002509731,0.090164036,0.0,0.0,0.0,0.0,0.0,0.00066576275,0.008002681,0.025390185,0.0,0.0,0.0,0.0,0.0,0.0
1796401616,-0.09171677,-0.031352997,0.14167607,-0.028450012,0.0018920898,0.54099655,-0.0016281232,0.002519533,0.006574005,0.025090933,0.0,0.0,0.0,0.0,0.0,0.26348367,0.2634833,0.5717366,0.52769405,0.527662,4.056782,0.0025101423,0.0025103223,0.002509731,0.09016378,0.0,0.0,0.0,0.0,0.0,0.00061938184,0.00840348,0.023685565,0.0,0.0,0.0,0.0,0.0,0.0
1796602457,-0.104717255,-0.05537176,0.09941518,0.0037078857,0.111694336,0.11962509,-0.0016281232,0.002519533,0.006574005,-0.038157344,0.0,0.0,0.0,0.0,0.0,0.26360512,0.26361385,0.57172483,0.5284426,0.52841586,4.056844,0.0025101423,0.0025103223,0.002509731,0.09016359,0.0,0.0,0.0,0.0,0.0,0.0005532121,0.009851691,0.028994724,0.0,0.0,0.0,0.0,0.0,0.0
1796803276,-0.057334185,0.0073871613,0.21345985,-0.040779114,-0.0043945312,0.1632576,-0.0016281232,0.002519533,0.006574005,0.06259298,0.0,0.0,0.0,0.0,0.0,0.26347104,0.2634841,0.57174313,0.52909195,0.5290713,4.056607,0.0025101423,0.0025103223,0.002509731,0.09016331,0.0,0.0,0.0,0.0,0.0,0.00018140068,0.005455972,0.011466764,0.0,0.0,0.0,0.0,0.0,0.0
1797003307,-0.08902717,-0.074828625,0.17416501,-0.059677124,-0.012512207,0.7107887,-0.0016281232,0.002519533,0.006574005,0.04810202,0.0,0.0,0.0,0.0,0.0,0.26343438,0.2634497,0.5717467,0.5291278,0.5291128,4.0567107,0.0025101423,0.0025103223,0.002509731,0.090163,0.0,0.0,0.0,0.0,0.0,0.00051816227,0.0066982335,0.014489672,0.0,0.0,0.0,0.0,0.0,0.0
1797203824,-0.06972909,-0.10134411,0.19127643,-0.07312775,-0.06871033,0.68948364,-0.0016281232,0.002519533,0.006574005,-0.0086221695,0.0,0.0,0.0,0.0,0.0,0.26331332,0.2633311,0.57172114,0.52884054,0.52883095,4.0567775,0.0025101423,0.0025103223,0.002509731,0.0901626,0.0,0.0,0.0,0.0,0.0,0.0005366743,0.009490301,0.024469644,0.0,0.0,0.0,0.0,0.0,0.0
1797404968,-0.01368022,-0.0786252,0.13091576,-0.05292511,-0.014389038,0.16417694,-0.0016281232,0.002519533,0.006574005,-0.07348442,0.0,0.0,0.0,0.0,0.0,0.2633936,0.26341352,0.57167995,0.5306353,0.5306311,4.056822,0.0025101423,0.0025103223,0.002509731,0.09016237,0.0,0.0,0.0,0.0,0.0,0.00051689707,0.006554532,0.017298197,0.0,0.0,0.0,0.0,0.0,0.0
1797609779,0.011977196,-0.12477684,0.15410852,-0.06650543,-0.076187134,-0.14248276,-0.0016281232,0.002519533,0.006574005,-0.09274042,0.0,0.0,0.0,0.0,0.0,0.26332554,0.26334667,0.5717286,0.5303112,0.53031135,4.056617,0.0025101423,0.0025103223,0.002509731,0.090161845,0.0,0.0,0.0,0.0,0.0,0.00057997357,0.009358761,0.025127677,0.0,0.0,0.0,0.0,0.0,0.0
1797813712,-0.05473256,-0.08914375,0.06830907,-0.045135498,-0.025131226,-0.09713364,-0.0016281232,0.002519533,0.006574005,-0.017600775,0.0,0.0,0.0,0.0,0.0,0.2634237,0.26344514,0.5716907,0.5307424,0.53074646,4.056474,0.0025101423,0.0025103223,0.002509731,0.090161465,0.0,0.0,0.0,0.0,0.0,0.0003723486,0.0056137727,0.013927273,0.0,0.0,0.0,0.0,0.0,0.0
1798014471,-0.07945776,-0.094227314,0.090578675,-0.06341553,-0.08518982,0.19831085,-0.0016281232,0.002519533,0.006574005,0.052538037,0.0,0.0,0.0,0.0,0.0,0.26334387,0.26336598,0.5716705,0.53043777,0.5304443,4.0565476,0.0025101423,0.0025103223,0.002509731,0.09016127,0.0,0.0,0.0,0.0,0.0,0.00032445465,0.0061899563,0.015330201,0.0,0.0,0.0,0.0,0.0,0.0
1798215340,-0.06539464,-0.12306595,0.16489983,-0.06304169,-0.09049988,-0.30522537,-0.0016281232,0.002519533,0.006574005,0.039125323,0.0,0.0,0.0,0.0,0.0,0.26334304,0.26336578,0.57167965,0.53051215,0.53052104,4.056378,0.0025101423,0.0025103223,0.002509731,0.09016091,0.0,0.0,0.0,0.0,0.0,0.00069466466,0.009174594,0.025672914,0.0,0.0,0.0,0.0,0.0,0.0
1798416038,0.04054451,-0.0089764595,0.19958675,-0.05580902,-0.077194214,0.28342056,-0.0016281232,0.002519533,0.006574005,-0.09621942,0.0,0.0,0.0,0.0,0.0,0.26335773,0.26337993,0.57168925,0.53054225,0.53055304,4.056485,0.0025101423,0.0025103223,0.002509731,0.090160534,0.0,0.0,0.0,0.0,0.0,0.0006665587,0.0029222756,0.008940596,0.0,0.0,0.0,0.0,0.0,0.0
1798619830,0.024240017,-0.11609793,0.12270093,-0.034332275,-0.06712341,0.33093643,-0.0016281232,0.002519533,0.006574005,-0.08631182,0.0,0.0,0.0,0.0,0.0,0.26337734,0.2633975,0.57169884,0.5306032,0.5306153,4.056188,0.0025101423,0.0025103223,0.002509731,0.09016032,0.0,0.0,0.0,0.0,0.0,0.00026952894,0.007949049,0.026570026,0.0,0.0,0.0,0.0,0.0,0.0
1798820893,0.028190851,-0.041208267,0.14332926,-0.010665894,-0.041549683,-1.6250534,-0.0016281232,0.002519533,0.006574005,0.0046687126,0.0,0.0,0.0,0.0,0.0,0.26337326,0.26339328,0.57165897,0.5308222,0.53083545,4.056329,0.0025101423,0.0025103223,0.002509731,0.0901601,0.0,0.0,0.0,0.0,0.0,0.0002297282,0.009408436,0.028592346,0.0,0.0,0.0,0.0,0.0,0.0
1799021694,-0.00668931,-0.03984785,0.09975922,-0.023330688,-0.061782837,0.36615753,-0.0016281232,0.002519533,0.006574005,-0.049288392,0.0,0.0,0.0,0.0,0.0,0.2633505,0.26337087,0.5716637,0.5306687,0.5306826,4.056318,0.0025101423,0.0025103223,0.002509731,0.09015979,0.0,0.0,0.0,0.0,0.0,0.0007074475,0.0059077065,0.01989079,0.0,0.0,0.0,0.0,0.0,0.0
1799221698,-0.08767009,-0.010269642,0.022164464,-0.036743164,-0.054016113,0.53795624,-0.0016281232,0.002519533,0.006574005,0.080044985,0.0,0.0,0.0,0.0,0.0,0.2633401,0.26336098,0.5716736,0.5306684,0.5306829,4.0564485,0.0025101423,0.0025103223,0.002509731,0.09015956,0.0,0.0,0.0,0.0,0.0,0.00017996569,0.0018596184,0.0023624436,0.0,0.0,0.0,0.0,0.0,0.0
1799426238,-0.08608675,0.0076494217,0.1196816,-0.04523468,-0.040115356,-0.06110382,-0.0016281232,0.002519533,0.006574005,0.031132817,0.0,0.0,0.0,0.0,0.0,0.26337114,0.26339248,0.5716839,0.53070885,0.53072387,4.056531,0.0025101423,0.0025103223,0.002509731,0.09015937,0.0,0.0,0.0,0.0,0.0,0.0002096896,0.005820111,0.015373344,0.0,0.0,0.0,0.0,0.0,0.0
1799627239,-0.018100262,-0.0056757927,0.15084326,-0.038887024,-0.024429321,-0.73644257,-0.0016281232,0.002519533,0.006574005,0.00076413155,0.0,0.0,0.0,0.0,0.0,0.26333627,0.26335973,0.5716905,0.532111,0.53212655,4.056639,0.0025101423,0.0025103223,0.002509731,0.0901592,0.0,0.0,0.0,0.0,0.0,0.0003739482,0.0075086234,0.023544718,0.0,0.0,0.0,0.0,0.0,0.0
1799826908,0.0070147514,-0.04448557,0.1266414,-0.04093933,-0.023086548,-0.03813553,-0.0016281232,0.002519533,0.006574005,-0.06069839,0.0,0.0,0.0,0.0,0.0,0.26332033,0.2633457,0.5716944,0.53211206,0.5321284,4.0564666,0.0025101423,0.0025103223,0.002509731,0.090158895,0.0,0.0,0.0,0.0,0.0,0.0001298936,0.007119381,0.02298505,0.0,0.0,0.0,0.0,0.0,0.0
1800032028,-0.031252384,-0.010848522,0.0014892817,-0.04599762,-0.011489868,-0.15872574,-0.0016281232,0.002519533,0.006574005,-0.056716204,0.0,0.0,0.0,0.0,0.0,0.26331043,0.26333758,0.5717004,0.5321456,0.5321631,4.0564876,0.0025101423,0.0025103223,0.002509731,0.09015857,0.0,0.0,0.0,0.0,0.0,0.00021115493,0.0038038455,0.008932917,0.0,0.0,0.0,0.0,0.0,0.0
1800232609,0.03626156,-0.012769699,0.07600057,-0.036743164,-0.031982422,-0.08237457,-0.0016281232,0.002519533,0.006574005,0.043005586,0.0,0.0,0.0,0.0,0.0,0.2632882,0.26331627,0.57170105,0.53200525,0.5320238,4.056576,0.0025101423,0.0025103223,0.002509731,0.09015822,0.0,0.0,0.0,0.0,0.0,0.00018166294,0.0034377559,0.0075341505,0.0,0.0,0.0,0.0,0.0,0.0
1800433839,-0.12598181,-0.01004076,0.045675516,-0.0467453,-0.030227661,0.445652,-0.0016281232,0.002519533,0.006574005,0.06890321,0.0,0.0,0.0,0.0,0.0,0.26327664,0.26330492,0.57170695,0.5320132,0.5320331,4.05668,0.0025101423,0.0025103223,0.002509731,0.09015794,0.0,0.0,0.0,0.0,0.0,0.00024076183,0.0042856555,0.0107596405,0.0,0.0,0.0,0.0,0.0,0.0
1800637415,-0.068878174,-0.092326164,0.11613512,-0.049613953,-0.025222778,-0.0012168884,-0.0016281232,0.002519533,0.006574005,0.03579235,0.0,0.0,0.0,0.0,0.0,0.2632554,0.26328337,0.571712,0.5320508,0.53207195,4.0565057,0.0025101423,0.0025103223,0.002509731,0.090157785,0.0,0.0,0.0,0.0,0.0,0.0002745709,0.0037593746,0.010684566,0.0,0.0,0.0,0.0,0.0,0.0
1800838530,0.021805525,-0.030929089,0.06937122,-0.048347473,-0.015167236,-0.32710266,-0.0016281232,0.002519533,0.006574005,0.07379401,0.0,0.0,0.0,0.0,0.0,0.26325965,0.26328617,0.5717173,0.53208286,0.5321051,4.0564623,0.0025101423,0.0025103223,0.002509731,0.09015753,0.0,0.0,0.0,0.0,0.0,0.00045156147,0.0014042915,0.0042516356,0.0,0.0,0.0,0.0,0.0,0.0
1801039250,-0.012479067,-0.046840668,0.03451264,-0.05254364,-0.032836914,0.6708069,-0.0016281232,0.002519533,0.006574005,-0.08017194,0.0,0.0,0.0,0.0,0.0,0.26322672,0.26325214,0.57171404,0.531937,0.53196,4.056535,0.0025101423,0.0025103223,0.002509731,0.09015733,0.0,0.0,0.0,0.0,0.0,0.0005403984,0.0069659934,0.02522623,0.0,0.0,0.0,0.0,0.0,0.0
1801240080,-0.06843305,0.015175343,-0.03398621,-0.05268097,-0.017410278,0.942379,-0.0016281232,0.002519533,0.006574005,0.048647523,0.0,0.0,0.0,0.0,0.0,0.26326415,0.26328987,0.5717168,0.5319533,0.531977,4.0566254,0.0025101423,0.0025103223,0.002509731,0.09015694,0.0,0.0,0.0,0.0,0.0,0.0007018586,0.008820403,0.03283683,0.0,0.0,0.0,0.0,0.0,0.0
1801440065,0.070361614,-0.039280415,0.079837084,-0.04473114,-0.015625,0.3764,-0.0016281232,0.002519533,0.006574005,0.029735684,0.0,0.0,0.0,0.0,0.0,0.26329112,0.26332086,0.5717198,0.5320006,0.5320249,4.056702,0.0025101423,0.0025103223,0.002509731,0.09015647,0.0,0.0,0.0,0.0,0.0,0.00031334045,0.008179418,0.026944568,0.0,0.0,0.0,0.0,0.0,0.0
1801644856,0.05718398,-0.033555508,-0.028759122,-0.014274597,0.03919983,0.6929321,-0.0016281232,0.002519533,0.006574005,-0.051739454,0.0,0.0,0.0,0.0,0.0,0.26336467,0.26339692,0.5716762,0.53238493,0.5324103,4.0567603,0.0025101423,0.0025103223,0.002509731,0.09015612,0.0,0.0,0.0,0.0,0.0,0.00010509488,0.0076624593,0.023954123,0.0,0.0,0.0,0.0,0.0,0.0
1801845670,0.14343393,0.016554356,0.022438526,-0.028030396,-0.010528564,0.10682678,-0.0016281232,0.002519533,0.006574005,0.030110598,0.0,0.0,0.0,0.0,0.0,0.26331297,0.26334372,0.57164747,0.53201187,0.53203726,4.056871,0.0025101423,0.0025103223,0.002509731,0.090155646,0.0,0.0,0.0,0.0,0.0,0.00050217856,0.007816821,0.015968962,0.0,0.0,0.0,0.0,0.0,0.0
1802045720,0.04734969,0.00021743774,-0.005457163,-0.018814087,-0.0005340576,0.3039055,-0.0016281232,0.002519533,0.006574005,-0.022949457,0.0,0.0,0.0,0.0,0.0,0.2633273,0.26335487,0.5716483,0.5320544,0.5320801,4.056816,0.0025101423,0.0025103223,0.002509731,0.09015563,0.0,0.0,0.0,0.0,0.0,0.00015996848,0.010610707,0.029994318,0.0,0.0,0.0,0.0,0.0,0.0
1802250482,0.038874626,-0.00395298,-0.004746914,-0.0030822754,0.039108276,0.08421326,-0.0016281232,0.002519533,0.006574005,-0.029426813,0.0,0.0,0.0,0.0,0.0,0.2634,0.2634257,0.57167476,0.5322676,0.53229344,4.0565944,0.0025101423,0.0025103223,0.002509731,0.0901553,0.0,0.0,0.0,0.0,0.0,0.0002125009,0.014943255,0.04774286,0.0,0.0,0.0,0.0,0.0,0.0
1802451287,0.05922556,-0.0016255379,0.120544195,0.0012893677,0.045425415,-0.4394188,-0.0016281232,0.002519533,0.006574005,-0.17084026,0.0,0.0,0.0,0.0,0.0,0.2633851,0.2634082,0.57167774,0.5322835,0.532309,4.05669,0.0025101423,0.0025103223,0.002509731,0.09015512,0.0,0.0,0.0,0.0,0.0,0.00036240948,0.008671835,0.028496973,0.0,0.0,0.0,0.0,0.0,0.0
1802651213,0.09474492,-0.04871559,0.14021194,0.046813965,0.14382935,1.1736183,-0.0016281232,0.002519533,0.006574005,0.00032043457,0.0,0.0,0.0,0.0,0.0,0.26351315,0.26353404,0.57166433,0.5343243,0.53434956,4.056503,0.0025101423,0.0025103223,0.002509731,0.09015484,0.0,0.0,0.0,0.0,0.0,0.0004976067,0.008317965,0.0252892,0.0,0.0,0.0,0.0,0.0,0.0
1802855991,0.031995058,-0.027929783,0.10924065,-0.0066452026,0.0415802,0.6179085,-0.0016281232,0.002519533,0.006574005,-0.035961032,0.0,0.0,0.0,0.0,0.0,0.2633767,0.26339677,0.5716086,0.5335911,0.53361434,4.056626,0.0025101423,0.0025103223,0.002509731,0.09015459,0.0,0.0,0.0,0.0,0.0,0.00043243484,0.0069710356,0.020002447,0.0,0.0,0.0,0.0,0.0,0.0
1803056625,0.042591333,0.026347637,0.09815323,-0.02433014,-0.000869751,-0.55815506,-0.0016281232,0.002519533,0.006574005,-0.07782531,0.0,0.0,0.0,0.0,0.0,0.26333004,0.26335302,0.5715902,0.53469265,0.5347129,4.0564494,0.0025101423,0.0025103223,0.002509731,0.090154424,0.0,0.0,0.0,0.0,0.0,0.00029679012,0.006850794,0.016225338,0.0,0.0,0.0,0.0,0.0,0.0
1803261678,0.089669704,-0.025240898,0.13267481,-0.027664185,0.012664795,0.2035675,-0.0016281232,0.002519533,0.006574005,-0.026048899,0.0,0.0,0.0,0.0,0.0,0.26334494,0.2633715,0.57166946,0.5347858,0.53480494,4.056822,0.0025101423,0.0025103223,0.002509731,0.0901542,0.0,0.0,0.0,0.0,0.0,0.00031480077,0.006322246,0.014314089,0.0,0.0,0.0,0.0,0.0,0.0
1803462217,0.030079365,0.0006093979,0.15901911,-0.022766113,0.026229858,-0.6069946,-0.0016281232,0.002519533,0.006574005,-0.1067605,0.0,0.0,0.0,0.0,0.0,0.26332814,0.2633559,0.5715979,0.53624445,0.5362627,4.056623,0.0025101423,0.0025103223,0.002509731,0.09015407,0.0,0.0,0.0,0.0,0.0,0.00023018353,0.0036902556,0.007628457,0.0,0.0,0.0,0.0,0.0,0.0
1803662394,0.059073687,-0.030868053,0.06944466,-0.01763153,0.026184082,-0.81214523,-0.0016281232,0.002519533,0.006574005,-0.013817191,0.0,0.0,0.0,0.0,0.0,0.26330966,0.26333907,0.5716047,0.53632426,0.53634214,4.0564437,0.0025101423,0.0025103223,0.002509731,0.09015392,0.0,0.0,0.0,0.0,0.0,0.0001785446,0.011365192,0.039519258,0.0,0.0,0.0,0.0,0.0,0.0
1803863477,0.112329006,-0.04241991,0.21441448,-0.011993408,0.023025513,0.44219208,-0.0016281232,0.002519533,0.006574005,0.0054602623,0.0,0.0,0.0,0.0,0.0,0.26329866,0.26332572,0.5716107,0.5377395,0.5377571,4.056523,0.0025101423,0.0025103223,0.002509731,0.09015376,0.0,0.0,0.0,0.0,0.0,0.00023879892,0.0065403995,0.010815229,0.0,0.0,0.0,0.0,0.0,0.0
1804064179,0.14694881,0.043696404,0.08529496,0.005378723,0.036575317,-0.38676834,-0.0016281232,0.002519533,0.006574005,-0.009350777,0.0,0.0,0.0,0.0,0.0,0.26334795,0.26337335,0.5716164,0.53644145,0.5364588,4.0566115,0.0025101423,0.0025103223,0.002509731,0.0901536,0.0,0.0,0.0,0.0,0.0,0.00034730395,0.010821196,0.019034002,0.0,0.0,0.0,0.0,0.0,0.0
1804267994,0.14655495,0.015115261,0.27918613,0.03148651,0.04689026,-1.0693283,-0.0016281232,0.002519533,0.006574005,0.06650698,0.0,0.0,0.0,0.0,0.0,0.26339066,0.26341406,0.57162076,0.53650147,0.53651863,4.056196,0.0025101423,0.0025103223,0.002509731,0.0901536,0.0,0.0,0.0,0.0,0.0,0.0005098478,0.013286504,0.026781287,0.0,0.0,0.0,0.0,0.0,0.0
1804468986,0.04759097,-0.0068149567,0.06569171,0.051315308,0.10798645,-0.03705597,-0.0016281232,0.002519533,0.006574005,0.052324772,0.0,0.0,0.0,0.0,0.0,0.2634525,0.26347658,0.5716502,0.5354796,0.5354969,4.057006,0.0025101423,0.0025103223,0.002509731,0.09015344,0.0,0.0,0.0,0.0,0.0,0.00039158665,0.011968298,0.028290084,0.0,0.0,0.0,0.0,0.0,0.0
1804673675,0.0047678947,0.025765896,0.06585336,0.027679443,0.057785034,-0.2668419,-0.0016281232,0.002519533,0.006574005,0.03332019,0.0,0.0,0.0,0.0,0.0,0.26338166,0.26340404,0.5716197,0.5351261,0.53514296,4.0570507,0.0025101423,0.0025103223,0.002509731,0.090153314,0.0,0.0,0.0,0.0,0.0,0.00026975898,0.009478925,0.027076723,0.0,0.0,0.0,0.0,0.0,0.0
1804873704,0.052202225,0.04091215,0.011147022,0.018508911,0.063308716,-0.62561035,-0.0016281232,0.002519533,0.006574005,-0.048519135,0.0,0.0,0.0,0.0,0.0,0.2633978,0.26341814,0.5716201,0.53515965,0.5351763,4.056317,0.0025101423,0.0025103223,0.002509731,0.09015317,0.0,0.0,0.0,0.0,0.0,0.00020564599,0.007945508,0.018165436,0.0,0.0,0.0,0.0,0.0,0.0
1805074482,0.0907166,0.04190445,0.13817465,0.026168823,0.06503296,-0.0015029907,-0.0016281232,0.002519533,0.006574005,-0.039560676,0.0,0.0,0.0,0.0,0.0,0.26335248,0.26337186,0.57161885,0.5351489,0.53516525,4.056338,0.0025101423,0.0025103223,0.002509731,0.09015282,0.0,0.0,0.0,0.0,0.0,0.00044332203,0.010094781,0.0242723,0.0,0.0,0.0,0.0,0.0,0.0
1805275282,0.112003565,-0.027833462,0.12973511,0.041793823,0.10682678,0.61883163,-0.0016281232,0.002519533,0.006574005,0.03792739,0.0,0.0,0.0,0.0,0.0,0.26335022,0.26336908,0.57164276,0.5367192,0.5367356,4.0565305,0.0025101423,0.0025103223,0.002509731,0.09015277,0.0,0.0,0.0,0.0,0.0,0.00040385648,0.012178343,0.03274811,0.0,0.0,0.0,0.0,0.0,0.0
1805475336,0.0807066,-0.005132675,0.12630594,0.02217865,0.043426514,-1.3264427,-0.0016281232,0.002519533,0.006574005,-0.033452153,0.0,0.0,0.0,0.0,0.0,0.26323032,0.2632484,0.57161325,0.5363806,0.53639644,4.0562983,0.0025101423,0.0025103223,0.002509731,0.09015248,0.0,0.0,0.0,0.0,0.0,0.00039042594,0.006953942,0.015922958,0.0,0.0,0.0,0.0,0.0,0.0
1805676058,0.108903885,0.018776894,0.18502879,0.026863098,0.047424316,0.8646736,-0.0016281232,0.002519533,0.006574005,-0.011666656,0.0,0.0,0.0,0.0,0.0,0.263257,0.26327422,0.5716169,0.53639305,0.5364086,4.056594,0.0025101423,0.0025103223,0.002509731,0.09015241,0.0,0.0,0.0,0.0,0.0,0.00043977547,0.009671894,0.023139054,0.0,0.0,0.0,0.0,0.0,0.0
1805876970,0.1089499,-0.019277573,0.066462636,0.054092407,0.08312988,-0.40164185,-0.0016281232,0.002519533,0.006574005,-0.054290295,0.0,0.0,0.0,0.0,0.0,0.2632458,0.26326475,0.57157165,0.53660214,0.53661776,4.05654,0.0025101423,0.0025103223,0.002509731,0.09015238,0.0,0.0,0.0,0.0,0.0,0.00038289305,0.01030885,0.025081176,0.0,0.0,0.0,0.0,0.0,0.0
1806080632,0.07594967,0.056845665,0.034830093,0.049949646,0.09651184,-0.7540436,-0.0016281232,0.002519533,0.006574005,0.006065607,0.0,0.0,0.0,0.0,0.0,0.26321477,0.2632353,0.57157594,0.53660613,0.53662187,4.056126,0.0025101423,0.0025103223,0.002509731,0.090152174,0.0,0.0,0.0,0.0,0.0,0.00048276942,0.011828596,0.03194103,0.0,0.0,0.0,0.0,0.0,0.0
1806281751,0.014812231,-0.06668568,-0.049637675,0.044952393,0.08879089,0.5159035,-0.0016281232,0.002519533,0.006574005,0.09069598,0.0,0.0,0.0,0.0,0.0,0.2632168,0.2632393,0.57158136,0.53661054,0.5366266,4.056208,0.0025101423,0.0025103223,0.002509731,0.09015187,0.0,0.0,0.0,0.0,0.0,0.0004732519,0.010072579,0.032892127,0.0,0.0,0.0,0.0,0.0,0.0
1806482196,0.07370496,-0.034760475,0.030549407,0.052330017,0.08596802,0.21151352,-0.0016281232,0.002519533,0.006574005,0.029711843,0.0,0.0,0.0,0.0,0.0,0.26321742,0.26324245,0.5715859,0.5379644,0.5379811,4.0562596,0.0025101423,0.0025103223,0.002509731,0.09015186,0.0,0.0,0.0,0.0,0.0,0.0003140608,0.0039821793,0.011392628,0.0,0.0,0.0,0.0,0.0,0.0
1806683345,0.027953863,0.03516674,0.064808965,0.031585693,0.031463623,1.0833893,-0.0016281232,0.002519533,0.006574005,0.019576311,0.0,0.0,0.0,0.0,0.0,0.26317537,0.26320106,0.57156146,0.53764796,0.5376652,4.0563354,0.0025101423,0.0025103223,0.002509731,0.090151615,0.0,0.0,0.0,0.0,0.0,0.00031652278,0.009211944,0.029112628,0.0,0.0,0.0,0.0,0.0,0.0
1806887009,0.09999418,-0.061928272,0.13641429,0.0389328,0.032348633,0.21479034,-0.0016281232,0.002519533,0.006574005,0.02905202,0.0,0.0,0.0,0.0,0.0,0.26324943,0.26327136,0.57156634,0.53771937,0.53773695,4.056131,0.0025101423,0.0025103223,0.002509731,0.09015146,0.0,0.0,0.0,0.0,0.0,0.00034339188,0.009701947,0.02974486,0.0,0.0,0.0,0.0,0.0,0.0
1807087828,0.10796523,-0.06695652,0.038450956,0.044395447,0.026031494,0.13880157,-0.0016281232,0.002519533,0.006574005,-0.018048048,0.0,0.0,0.0,0.0,0.0,0.26325154,0.26327202,0.5715706,0.5377477,0.5377654,4.0563445,0.0025101423,0.0025103223,0.002509731,0.09015145,0.0,0.0,0.0,0.0,0.0,0.00044104137,0.007975879,0.023023138,0.0,0.0,0.0,0.0,0.0,0.0
1807288821,0.07516265,-0.020201206,0.074439764,0.058555603,0.062683105,-0.121421814,-0.0016281232,0.002519533,0.006574005,0.07497311,0.0,0.0,0.0,0.0,0.0,0.26325414,0.26327434,0.5715964,0.53797376,0.53799164,4.056378,0.0025101423,0.0025103223,0.002509731,0.090151384,0.0,0.0,0.0,0.0,0.0,0.0003963047,0.005230482,0.01259416,0.0,0.0,0.0,0.0,0.0,0.0
1807493379,0.07580447,0.06986761,0.1298225,0.063591,0.069244385,-0.09038162,-0.0016281232,0.002519533,0.006574005,0.026382208,0.0,0.0,0.0,0.0,0.0,0.2632418,0.26326182,0.5715993,0.5393825,0.5394003,4.056165,0.0025101423,0.0025103223,0.002509731,0.09015127,0.0,0.0,0.0,0.0,0.0,0.00036407996,0.008424726,0.022537764,0.0,0.0,0.0,0.0,0.0,0.0
1807697629,0.11785793,0.04047346,0.050391316,0.08047485,0.076049805,0.684803,-0.0016281232,0.002519533,0.006574005,0.10553682,0.0,0.0,0.0,0.0,0.0,0.26324603,0.2632661,0.57160527,0.5394212,0.53943896,4.056273,0.0025101423,0.0025103223,0.002509731,0.090151094,0.0,0.0,0.0,0.0,0.0,0.00047626422,0.009578913,0.024111139,0.0,0.0,0.0,0.0,0.0,0.0
1807898246,0.056921244,-0.04935932,0.042667985,0.078575134,0.06565857,0.18611908,-0.0016281232,0.002519533,0.006574005,0.099303246,0.0,0.0,0.0,0.0,0.0,0.26326722,0.26328647,0.571609,0.5380381,0.53805566,4.0563097,0.0025101423,0.0025103223,0.002509731,0.09015095,0.0,0.0,0.0,0.0,0.0,0.00033353828,0.0051802075,0.014036179,0.0,0.0,0.0,0.0,0.0,0.0
1808099222,0.036111355,-0.012105942,0.04722345,0.060523987,0.0014190674,-0.9257965,-0.0016281232,0.002519533,0.006574005,0.04381752,0.0,0.0,0.0,0.0,0.0,0.26321653,0.26323447,0.5715863,0.53771687,0.53773403,4.05611,0.0025101423,0.0025103223,0.002509731,0.090150714,0.0,0.0,0.0,0.0,0.0,0.00030180375,0.0038827355,0.013297486,0.0,0.0,0.0,0.0,0.0,0.0
1808298991,-0.0026240349,0.02405262,0.03238654,0.06399536,0.007949829,0.1749649,-0.0016281232,0.002519533,0.006574005,-0.035089135,0.0,0.0,0.0,0.0,0.0,0.2632403,0.26325822,0.5715948,0.53639364,0.53641057,4.0561867,0.0025101423,0.0025103223,0.002509731,0.09015064,0.0,0.0,0.0,0.0,0.0,0.00038512726,0.0009597374,0.0052314955,0.0,0.0,0.0,0.0,0.0,0.0
1808504105,0.06687474,0.03335619,0.02580607,0.1053772,0.09663391,-0.15979767,-0.0016281232,0.002519533,0.006574005,0.05116546,0.0,0.0,0.0,0.0,0.0,0.26332086,0.26333922,0.57158047,0.5369413,0.53695816,4.056395,0.0025101423,0.0025103223,0.002509731,0.090150684,0.0,0.0,0.0,0.0,0.0,0.00037905393,0.0074372413,0.019874316,0.0,0.0,0.0,0.0,0.0,0.0
1808708771,0.06782436,-0.01638937,0.06447351,0.064445496,-0.034179688,1.1375008,-0.0016281232,0.002519533,0.006574005,-0.026881218,0.0,0.0,0.0,0.0,0.0,0.26314947,0.263168,0.57159907,0.53480625,0.53482234,4.05616,0.0025101423,0.0025103223,0.002509731,0.09015058,0.0,0.0,0.0,0.0,0.0,0.00064572284,0.0028599917,0.008153878,0.0,0.0,0.0,0.0,0.0,0.0
1808909425,0.028620243,0.020736217,0.08345282,0.08280182,-0.02470398,0.5191765,-0.0016281232,0.002519533,0.006574005,-0.085849166,0.0,0.0,0.0,0.0,0.0,0.2631319,0.26315293,0.5716075,0.53483444,0.53485024,4.056271,0.0025101423,0.0025103223,0.002509731,0.09015048,0.0,0.0,0.0,0.0,0.0,0.00029764214,0.0054285284,0.016750058,0.0,0.0,0.0,0.0,0.0,0.0
1809113701,0.013580322,-0.08309412,0.014961481,0.08721161,0.014450073,-1.1893501,-0.0016281232,0.002519533,0.006574005,0.047171474,0.0,0.0,0.0,0.0,0.0,0.2632542,0.26328045,0.57163936,0.53503805,0.5350539,4.0562167,0.0025101423,0.0025103223,0.002509731,0.09015023,0.0,0.0,0.0,0.0,0.0,0.00033206417,0.0064669885,0.01590723,0.0,0.0,0.0,0.0,0.0,0.0
1809314407,0.086346865,-0.030233383,0.12792063,0.08264923,0.0022125244,0.6091881,-0.0016281232,0.002519533,0.006574005,-0.059817195,0.0,0.0,0.0,0.0,0.0,0.26333347,0.26337028,0.57164526,0.5350269,0.53504336,4.05627,0.0025101423,0.0025103223,0.002509731,0.090150125,0.0,0.0,0.0,0.0,0.0,0.0005949658,0.0141065,0.043428995,0.0,0.0,0.0,0.0,0.0,0.0
1809515441,0.02546525,-0.008069515,0.08178592,0.08062744,0.014526367,-0.273983,-0.0016281232,0.002519533,0.006574005,-0.11100423,0.0,0.0,0.0,0.0,0.0,0.26343426,0.26347446,0.57165176,0.53506684,0.53508466,4.0563426,0.0025101423,0.0025103223,0.002509731,0.09014994,0.0,0.0,0.0,0.0,0.0,0.0006328483,0.0037147806,0.010744826,0.0,0.0,0.0,0.0,0.0,0.0
1809719051,0.080798864,0.022095203,0.09411836,0.08930206,0.020721436,-0.61780167,-0.0016281232,0.002519533,0.006574005,-0.009608269,0.0,0.0,0.0,0.0,0.0,0.26349285,0.26352784,0.57158417,0.5351129,0.53513235,4.056417,0.0025101423,0.0025103223,0.002509731,0.090149924,0.0,0.0,0.0,0.0,0.0,0.0003270834,0.0049044923,0.013653556,0.0,0.0,0.0,0.0,0.0,0.0
1809920012,0.012704372,-0.0673852,0.06299698,0.07551575,0.008895874,-0.07816696,-0.0016281232,0.002519533,0.006574005,-0.011420965,0.0,0.0,0.0,0.0,0.0,0.26347008,0.263496,0.5716597,0.53512037,0.5351412,4.056476,0.0025101423,0.0025103223,0.002509731,0.09015007,0.0,0.0,0.0,0.0,0.0,0.00023031374,0.007107834,0.022917809,0.0,0.0,0.0,0.0,0.0,0.0
1810120863,0.029964685,-0.046889305,0.09817457,0.068092346,0.01512146,-0.31207657,-0.0016281232,0.002519533,0.006574005,0.114025,0.0,0.0,0.0,0.0,0.0,0.26340514,0.2634288,0.5715863,0.5351483,0.53517026,4.0562325,0.0025101423,0.0025103223,0.002509731,0.090150036,0.0,0.0,0.0,0.0,0.0,0.0005208433,0.009949705,0.032296985,0.0,0.0,0.0,0.0,0.0,0.0
1810321654,0.030979156,-0.10608053,0.04691255,0.05317688,0.013580322,-0.52057266,-0.0016281232,0.002519533,0.006574005,0.009881616,0.0,0.0,0.0,0.0,0.0,0.26333445,0.26336178,0.57159024,0.53516346,0.5351866,4.0563188,0.0025101423,0.0025103223,0.002509731,0.090149835,0.0,0.0,0.0,0.0,0.0,0.00048489237,0.008294717,0.023502618,0.0,0.0,0.0,0.0,0.0,0.0
1810525475,-0.022693157,-0.06828642,0.05876136,0.031692505,-0.033584595,-0.44348526,-0.0016281232,0.002519533,0.006574005,-0.031595707,0.0,0.0,0.0,0.0,0.0,0.2632438,0.26326984,0.57156384,0.53483486,0.53485847,4.0561194,0.0025101423,0.0025103223,0.002509731,0.09014972,0.0,0.0,0.0,0.0,0.0,0.00047225595,0.008962465,0.023600245,0.0,0.0,0.0,0.0,0.0,0.0
1810726217,-0.01743579,-0.070534706,0.08672106,0.03278351,0.021194458,-0.9017525,-0.0016281232,0.002519533,0.006574005,0.0419724,0.0,0.0,0.0,0.0,0.0,0.26330575,0.26332834,0.5715934,0.53656906,0.5365934,4.0563493,0.0025101423,0.0025103223,0.002509731,0.09014987,0.0,0.0,0.0,0.0,0.0,0.00028754005,0.010569865,0.030984135,0.0,0.0,0.0,0.0,0.0,0.0
1810927210,0.008989096,-0.10483503,0.091329455,0.0055999756,-0.067733765,0.085796356,-0.0016281232,0.002519533,0.006574005,0.11362553,0.0,0.0,0.0,0.0,0.0,0.26325783,0.26327223,0.5716342,0.5360892,0.5361121,4.05639,0.0025101423,0.0025103223,0.002509731,0.09014972,0.0,0.0,0.0,0.0,0.0,0.0002560386,0.009792102,0.023302509,0.0,0.0,0.0,0.0,0.0,0.0
1811127800,0.012132406,-0.0020341873,0.054536343,0.004257202,-0.04953003,-0.19401932,-0.0016281232,0.002519533,0.006574005,-0.03362024,0.0,0.0,0.0,0.0,0.0,0.2633037,0.26331386,0.57163787,0.5361804,0.53620136,4.0564446,0.0025101423,0.0025103223,0.002509731,0.090149574,0.0,0.0,0.0,0.0,0.0,0.00030664034,0.008052052,0.022932408,0.0,0.0,0.0,0.0,0.0,0.0
1811327810,0.043883085,0.015658855,0.05542898,0.0067977905,-0.03892517,-0.15024948,-0.0016281232,0.002519533,0.006574005,-0.1649661,0.0,0.0,0.0,0.0,0.0,0.263306,0.26331803,0.5716385,0.53622997,0.53624856,4.056489,0.0025101423,0.0025103223,0.002509731,0.090149626,0.0,0.0,0.0,0.0,0.0,0.00027248933,0.004613248,0.014918002,0.0,0.0,0.0,0.0,0.0,0.0
1811528857,0.07820201,-0.021255493,-0.022895455,0.012481689,-0.027816772,0.020992279,-0.0016281232,0.002519533,0.006574005,0.0155392885,0.0,0.0,0.0,0.0,0.0,0.26331845,0.26333296,0.571641,0.53630716,0.5363236,4.0565076,0.0025101423,0.0025103223,0.002509731,0.09014958,0.0,0.0,0.0,0.0,0.0,0.0006794801,0.009040202,0.030229313,0.0,0.0,0.0,0.0,0.0,0.0
1811729623,0.026626348,0.0057458878,0.15445626,0.0105896,-0.015289307,0.43587112,-0.0016281232,0.002519533,0.006574005,0.014853716,0.0,0.0,0.0,0.0,0.0,0.26330048,0.26331657,0.57164264,0.5363725,0.53638726,4.056548,0.0025101423,0.0025103223,0.002509731,0.09014966,0.0,0.0,0.0,0.0,0.0,0.00035934753,0.0065266574,0.024506057,0.0,0.0,0.0,0.0,0.0,0.0
1811929669,-0.00022792816,0.050105095,0.02114737,0.0047454834,-0.0040893555,-0.6833763,-0.0016281232,0.002519533,0.006574005,-0.013465524,0.0,0.0,0.0,0.0,0.0,0.26326394,0.26328337,0.5715683,0.537772,0.53778577,4.056324,0.0025101423,0.0025103223,0.002509731,0.09014953,0.0,0.0,0.0,0.0,0.0,0.0003662466,0.006190907,0.01851471,0.0,0.0,0.0,0.0,0.0,0.0
1812134200,-0.018970966,0.02772379,0.04999101,-0.0038604736,0.008361816,-0.6638603,-0.0016281232,0.002519533,0.006574005,0.042597532,0.0,0.0,0.0,0.0,0.0,0.26326618,0.26328865,0.57157487,0.53783864,0.53785205,4.0563726,0.0025101423,0.0025103223,0.002509731,0.09014947,0.0,0.0,0.0,0.0,0.0,4.9935228e-05,0.010732945,0.03315228,0.0,0.0,0.0,0.0,0.0,0.0
1812335202,0.017619371,-0.066158295,0.11455715,0.0019378662,0.008071899,0.0060310364,-0.0016281232,0.002519533,0.006574005,0.00985086,0.0,0.0,0.0,0.0,0.0,0.26326084,0.26328498,0.5715814,0.5378897,0.5379033,4.0561657,0.0025101423,0.0025103223,0.002509731,0.090149365,0.0,0.0,0.0,0.0,0.0,0.00015161326,0.004066623,0.011500036,0.0,0.0,0.0,0.0,0.0,0.0
1812535018,-0.026706696,-0.047761917,0.03581834,0.014419556,0.06323242,-1.496563,-0.0016281232,0.002519533,0.006574005,0.08645868,0.0,0.0,0.0,0.0,0.0,0.26333728,0.26336184,0.5716176,0.53827864,0.53829306,4.0562344,0.0025101423,0.0025103223,0.002509731,0.09014926,0.0,0.0,0.0,0.0,0.0,0.00031278966,0.011741869,0.037527382,0.0,0.0,0.0,0.0,0.0,0.0
1812735833,-0.06666589,-0.07135391,0.12810552,-0.01777649,-0.008087158,-0.28232193,-0.0016281232,0.002519533,0.006574005,0.099853754,0.0,0.0,0.0,0.0,0.0,0.26317418,0.26319897,0.57158977,0.5378914,0.5379062,4.056263,0.0025101423,0.0025103223,0.002509731,0.09014944,0.0,0.0,0.0,0.0,0.0,0.0007343464,0.008545963,0.022944475,0.0,0.0,0.0,0.0,0.0,0.0
1812936619,-0.084548235,-0.06249714,0.0003465414,-0.03527832,0.00039672852,0.124614716,-0.0016281232,0.002519533,0.006574005,-0.013177872,0.0,0.0,0.0,0.0,0.0,0.2631065,0.26313436,0.57159543,0.53791213,0.53792804,4.056332,0.0025101423,0.0025103223,0.002509731,0.09014943,0.0,0.0,0.0,0.0,0.0,0.0004952792,0.010616365,0.026993817,0.0,0.0,0.0,0.0,0.0,0.0
1813136593,-0.04911852,0.066940784,0.03543651,-0.0418396,0.016967773,-0.21512985,-0.0016281232,0.002519533,0.006574005,-0.18786252,0.0,0.0,0.0,0.0,0.0,0.2631155,0.2631432,0.5716038,0.5365389,0.5365565,4.0561666,0.0025101423,0.0025103223,0.002509731,0.0901493,0.0,0.0,0.0,0.0,0.0,0.00019912043,0.013762402,0.04142962,0.0,0.0,0.0,0.0,0.0,0.0
1813341377,0.027911901,0.010108948,0.123544335,-0.027770996,0.01675415,0.004840851,-0.0016281232,0.002519533,0.006574005,0.04225135,0.0,0.0,0.0,0.0,0.0,0.2632056,0.26322758,0.5715436,0.5351287,0.5351479,4.055991,0.0025101423,0.0025103223,0.002509731,0.090149246,0.0,0.0,0.0,0.0,0.0,0.0002544043,0.012745637,0.04388317,0.0,0.0,0.0,0.0,0.0,0.0
1813542439,-0.06426072,-0.012524605,0.11894226,-0.03251648,0.030853271,-0.27759933,-0.0016281232,0.002519533,0.006574005,-0.030777097,0.0,0.0,0.0,0.0,0.0,0.26329008,0.26331422,0.57155854,0.5351315,0.5351519,4.056062,0.0025101423,0.0025103223,0.002509731,0.090149105,0.0,0.0,0.0,0.0,0.0,0.00038861478,0.014481799,0.048722826,0.0,0.0,0.0,0.0,0.0,0.0
1813742505,-0.046206236,0.012899399,0.10967624,-0.047180176,0.036010742,-0.92448044,-0.0016281232,0.002519533,0.006574005,-0.07278097,0.0,0.0,0.0,0.0,0.0,0.2632888,0.26331624,0.5715702,0.53513557,0.53515697,4.056168,0.0025101423,0.0025103223,0.002509731,0.090149246,0.0,0.0,0.0,0.0,0.0,0.00019280352,0.011262534,0.034515824,0.0,0.0,0.0,0.0,0.0,0.0
1813943046,-0.072562456,0.045060635,0.09529102,-0.056640625,0.034332275,0.44647598,-0.0016281232,0.002519533,0.006574005,0.08416247,0.0,0.0,0.0,0.0,0.0,0.26328894,0.26331404,0.5715784,0.5351095,0.53513163,4.0561295,0.0025101423,0.0025103223,0.002509731,0.090149246,0.0,0.0,0.0,0.0,0.0,0.00035701567,0.011094481,0.029041737,0.0,0.0,0.0,0.0,0.0,0.0
1814144035,-0.08397484,-0.01594019,0.068867564,-0.07550049,0.015014648,-0.1146431,-0.0016281232,0.002519533,0.006574005,-0.007990122,0.0,0.0,0.0,0.0,0.0,0.26324472,0.26326716,0.57158047,0.53357124,0.5335936,4.0559335,0.0025101423,0.0025103223,0.002509731,0.09014928,0.0,0.0,0.0,0.0,0.0,0.00078401354,0.009037115,0.019763626,0.0,0.0,0.0,0.0,0.0,0.0
1814344835,-0.024049282,0.020935059,0.24068058,-0.09069824,0.012481689,-0.9307747,-0.0016281232,0.002519533,0.006574005,-0.041246414,0.0,0.0,0.0,0.0,0.0,0.26324937,0.26327273,0.5715877,0.533579,0.5336012,4.056331,0.0025101423,0.0025103223,0.002509731,0.09014937,0.0,0.0,0.0,0.0,0.0,0.00045660159,0.009291077,0.027843293,0.0,0.0,0.0,0.0,0.0,0.0
1814549695,0.016400576,-0.10013676,0.15230131,-0.04156494,0.14923096,-0.7452202,-0.0016281232,0.002519533,0.006574005,0.035000563,0.0,0.0,0.0,0.0,0.0,0.26339626,0.2634274,0.5715992,0.53444004,0.53446275,4.0562716,0.0025101423,0.0025103223,0.002509731,0.090149336,0.0,0.0,0.0,0.0,0.0,0.0006233882,0.013064823,0.045393955,0.0,0.0,0.0,0.0,0.0,0.0
1814753716,-0.04041481,0.009830952,0.13483,-0.10606384,0.024841309,-0.4437523,-0.0016281232,0.002519533,0.006574005,-0.13764238,0.0,0.0,0.0,0.0,0.0,0.26325774,0.26329872,0.5716179,0.53362554,0.53364736,4.056092,0.0025101423,0.0025103223,0.002509731,0.09014924,0.0,0.0,0.0,0.0,0.0,0.00029995525,0.0049556196,0.017134508,0.0,0.0,0.0,0.0,0.0,0.0
1814954199,-0.059957743,0.002313614,0.13215816,-0.14830017,-0.023223877,-0.46256638,-0.0016281232,0.002519533,0.006574005,-0.09942436,0.0,0.0,0.0,0.0,0.0,0.2632546,0.26330534,0.5715983,0.5332983,0.5333201,4.056165,0.0025101423,0.0025103223,0.002509731,0.09014919,0.0,0.0,0.0,0.0,0.0,0.00039983357,0.009933039,0.030944673,0.0,0.0,0.0,0.0,0.0,0.0
1815155015,-0.059513807,0.0031895638,0.104586005,-0.16020203,-0.020874023,-0.5070381,-0.0016281232,0.002519533,0.006574005,0.041884422,0.0,0.0,0.0,0.0,0.0,0.26327378,0.2633288,0.5716073,0.5333518,0.5333748,4.056038,0.0025101423,0.0025103223,0.002509731,0.09014902,0.0,0.0,0.0,0.0,0.0,0.00045944113,0.0084387455,0.022044199,0.0,0.0,0.0,0.0,0.0,0.0
1815356005,0.01710391,-0.061134815,0.27279866,-0.17137146,-0.022766113,-0.30453873,-0.0016281232,0.002519533,0.006574005,0.04468906,0.0,0.0,0.0,0.0,0.0,0.26329488,0.2633542,0.57154423,0.53336686,0.5333919,4.055888,0.0025101423,0.0025103223,0.002509731,0.090148866,0.0,0.0,0.0,0.0,0.0,0.00034471875,0.007110418,0.02023056,0.0,0.0,0.0,0.0,0.0,0.0
1815555815,0.007982731,-0.063844204,0.18658876,-0.18058777,-0.027801514,0.08150101,-0.0016281232,0.002519533,0.006574005,0.03239274,0.0,0.0,0.0,0.0,0.0,0.26329726,0.26335445,0.57155895,0.5334155,0.53344285,4.056031,0.0025101423,0.0025103223,0.002509731,0.0901488,0.0,0.0,0.0,0.0,0.0,0.00059704116,0.009503845,0.02991921,0.0,0.0,0.0,0.0,0.0,0.0
1815760588,-0.03556347,-0.15274715,0.11575353,-0.16325378,-0.050964355,-0.51776505,-0.0016281232,0.002519533,0.006574005,0.10097313,0.0,0.0,0.0,0.0,0.0,0.26327807,0.26332414,0.5715725,0.53208053,0.5321099,4.0561213,0.0025101423,0.0025103223,0.002509731,0.09014875,0.0,0.0,0.0,0.0,0.0,0.0006438491,0.010796654,0.028120136,0.0,0.0,0.0,0.0,0.0,0.0
1815961658,0.0122692585,-0.12030411,0.19395864,-0.13182068,-0.0042419434,0.01518631,-0.0016281232,0.002519533,0.006574005,0.029531598,0.0,0.0,0.0,0.0,0.0,0.26334915,0.2633902,0.57161087,0.53243834,0.53246963,4.055961,0.0025101423,0.0025103223,0.002509731,0.09014871,0.0,0.0,0.0,0.0,0.0,0.00039397593,0.012279927,0.03513455,0.0,0.0,0.0,0.0,0.0,0.0
1816161686,0.0071151257,-0.033243656,0.20781195,-0.1335144,-0.01550293,-0.007572174,-0.0016281232,0.002519533,0.006574005,-0.046177268,0.0,0.0,0.0,0.0,0.0,0.26338115,0.26341793,0.5716181,0.53100854,0.53104043,4.055934,0.0025101423,0.0025103223,0.002509731,0.09014857,0.0,0.0,0.0,0.0,0.0,0.0004315034,0.0075386083,0.024006965,0.0,0.0,0.0,0.0,0.0,0.0
1816366217,0.08756995,-0.059369564,0.12614238,-0.12501526,-0.042388916,-0.41861343,-0.0016281232,0.002519533,0.006574005,0.08594549,0.0,0.0,0.0,0.0,0.0,0.26339045,0.2634195,0.57162106,0.53081626,0.5308479,4.056337,0.0025101423,0.0025103223,0.002509731,0.09014862,0.0,0.0,0.0,0.0,0.0,0.00047407887,0.012036692,0.040984523,0.0,0.0,0.0,0.0,0.0,0.0
1816567003,0.010498285,-0.04439926,0.13101304,-0.087371826,-0.0061035156,-0.76789474,-0.0016281232,0.002519533,0.006574005,0.027004957,0.0,0.0,0.0,0.0,0.0,0.2634106,0.26343656,0.5715776,0.5309878,0.53101885,4.0560336,0.0025101423,0.0025103223,0.002509731,0.09014856,0.0,0.0,0.0,0.0,0.0,0.00043344274,0.00939712,0.034479894,0.0,0.0,0.0,0.0,0.0,0.0
1816767240,0.00364542,-0.043815613,0.0544852,-0.090408325,-0.06851196,0.95718,-0.0016281232,0.002519533,0.006574005,0.01774919,0.0,0.0,0.0,0.0,0.0,0.26334155,0.2633645,0.5716318,0.530625,0.5306543,4.0561533,0.0025101423,0.0025103223,0.002509731,0.090148486,0.0,0.0,0.0,0.0,0.0,0.0006099676,0.017494673,0.061891258,0.0,0.0,0.0,0.0,0.0,0.0
1816968113,0.023422718,-0.016574383,0.13863146,-0.08113098,-0.057037354,1.1254692,-0.0016281232,0.002519533,0.006574005,-0.033332586,0.0,0.0,0.0,0.0,0.0,0.26328453,0.2633069,0.5715633,0.5306118,0.53063965,4.055971,0.0025101423,0.0025103223,0.002509731,0.09014872,0.0,0.0,0.0,0.0,0.0,0.00015679077,0.013435794,0.04773257,0.0,0.0,0.0,0.0,0.0,0.0
1817168904,0.054681063,-0.029316902,0.0870229,-0.059265137,-0.05090332,-0.48449326,-0.0016281232,0.002519533,0.006574005,-0.034088254,0.0,0.0,0.0,0.0,0.0,0.2632498,0.2632732,0.57157147,0.5306256,0.5306521,4.0560923,0.0025101423,0.0025103223,0.002509731,0.09014862,0.0,0.0,0.0,0.0,0.0,0.00066924474,0.006585205,0.023622015,0.0,0.0,0.0,0.0,0.0,0.0
1817369597,0.050597906,0.061782837,0.09507918,-0.056427002,-0.08779907,-0.20389175,-0.0016281232,0.002519533,0.006574005,0.010174036,0.0,0.0,0.0,0.0,0.0,0.26318687,0.26321086,0.5715495,0.5303009,0.5303258,4.056209,0.0025101423,0.0025103223,0.002509731,0.09014859,0.0,0.0,0.0,0.0,0.0,0.00051433605,0.0043850266,0.011754775,0.0,0.0,0.0,0.0,0.0,0.0
1817573684,-0.009743214,0.026844025,0.092021465,-0.038208008,-0.03286743,-0.5601692,-0.0016281232,0.002519533,0.006574005,0.03478992,0.0,0.0,0.0,0.0,0.0,0.26323748,0.26326278,0.5715832,0.5306558,0.5306799,4.056086,0.0025101423,0.0025103223,0.002509731,0.090148576,0.0,0.0,0.0,0.0,0.0,0.0005653998,0.0040023103,0.011708356,0.0,0.0,0.0,0.0,0.0,0.0
1817774448,0.05126047,-0.064893246,0.104617596,-0.048797607,-0.0809021,0.008792877,-0.0016281232,0.002519533,0.006574005,-0.0013511181,0.0,0.0,0.0,0.0,0.0,0.26318973,0.2632157,0.5715615,0.5303259,0.53034866,4.055913,0.0025101423,0.0025103223,0.002509731,0.09014858,0.0,0.0,0.0,0.0,0.0,0.00067649176,0.004914281,0.015319165,0.0,0.0,0.0,0.0,0.0,0.0
1817974979,0.09717178,-0.027549267,0.19601071,-0.031082153,-0.07296753,-0.357296,-0.0016281232,0.002519533,0.006574005,0.017011285,0.0,0.0,0.0,0.0,0.0,0.2631925,0.2632191,0.5715708,0.5303775,0.53039944,4.0560327,0.0025101423,0.0025103223,0.002509731,0.09014841,0.0,0.0,0.0,0.0,0.0,0.0007842208,0.009115529,0.027443606,0.0,0.0,0.0,0.0,0.0,0.0
1818179307,0.03088808,0.029503822,0.0055396557,-0.0093688965,-0.007171631,-0.013584137,-0.0016281232,0.002519533,0.006574005,-0.006614566,0.0,0.0,0.0,0.0,0.0,0.26324418,0.26327175,0.5716053,0.5307232,0.5307448,4.0564013,0.0025101423,0.0025103223,0.002509731,0.09014828,0.0,0.0,0.0,0.0,0.0,0.00069042854,0.0059278216,0.015718011,0.0,0.0,0.0,0.0,0.0,0.0
1818380042,0.0072090626,0.009988785,0.07319188,-0.02809143,-0.054382324,0.13459396,-0.0016281232,0.002519533,0.006574005,-0.019221544,0.0,0.0,0.0,0.0,0.0,0.2631996,0.2632284,0.57157767,0.53038466,0.5304054,4.05649,0.0025101423,0.0025103223,0.002509731,0.090148315,0.0,0.0,0.0,0.0,0.0,0.0005669409,0.0043541165,0.011681518,0.0,0.0,0.0,0.0,0.0,0.0
1818580890,-0.0013780594,0.029623508,0.00025618076,0.0023345947,0.012817383,0.5400429,-0.0016281232,0.002519533,0.006574005,0.043150067,0.0,0.0,0.0,0.0,0.0,0.26329437,0.2633249,0.57160896,0.53076684,0.5307876,4.056266,0.0025101423,0.0025103223,0.002509731,0.09014829,0.0,0.0,0.0,0.0,0.0,6.704257e-05,0.010196355,0.034545742,0.0,0.0,0.0,0.0,0.0,0.0
1818781375,-0.031441927,0.008299828,0.075452685,-0.013900757,-0.03970337,-0.33327103,-0.0016281232,0.002519533,0.006574005,0.01882279,0.0,0.0,0.0,0.0,0.0,0.26323494,0.26326746,0.57158214,0.53042877,0.530449,4.0563464,0.0025101423,0.0025103223,0.002509731,0.09014817,0.0,0.0,0.0,0.0,0.0,0.00034982472,0.008977539,0.032085832,0.0,0.0,0.0,0.0,0.0,0.0
1818981687,0.024869919,-0.019385815,0.1344279,-0.015151978,-0.038604736,-0.11359024,-0.0016281232,0.002519533,0.006574005,0.04140401,0.0,0.0,0.0,0.0,0.0,0.26323804,0.2632712,0.5715814,0.5304397,0.5304599,4.0564175,0.0025101423,0.0025103223,0.002509731,0.09014822,0.0,0.0,0.0,0.0,0.0,0.00040362732,0.004213816,0.01529663,0.0,0.0,0.0,0.0,0.0,0.0
1819182518,0.021148682,0.058032513,0.08193517,-0.005554199,-0.023742676,0.947361,-0.0016281232,0.002519533,0.006574005,-0.123033404,0.0,0.0,0.0,0.0,0.0,0.2632388,0.26327053,0.5715801,0.53047794,0.5304983,4.0564513,0.0025101423,0.0025103223,0.002509731,0.09014827,0.0,0.0,0.0,0.0,0.0,0.0001864648,0.004837868,0.014529157,0.0,0.0,0.0,0.0,0.0,0.0
1819383321,-0.02025652,0.083087444,0.085074306,-0.017944336,-0.031982422,-0.19873428,-0.0016281232,0.002519533,0.006574005,-0.0035860538,0.0,0.0,0.0,0.0,0.0,0.26322052,0.26325208,0.5715727,0.5303476,0.5303682,4.0564,0.0025101423,0.0025103223,0.002509731,0.090148345,0.0,0.0,0.0,0.0,0.0,0.00036855834,0.005343868,0.013158848,0.0,0.0,0.0,0.0,0.0,0.0
1819587351,-0.07722688,0.081998825,0.11837375,-0.007843018,0.028259277,-0.089092255,-0.0016281232,0.002519533,0.006574005,-0.0031671524,0.0,0.0,0.0,0.0,0.0,0.26328668,0.2633178,0.57152814,0.5307046,0.53072584,4.0562415,0.0025101423,0.0025103223,0.002509731,0.09014837,0.0,0.0,0.0,0.0,0.0,0.00049882545,0.006746738,0.013687381,0.0,0.0,0.0,0.0,0.0,0.0
1819787995,-0.0841794,0.1025238,0.0923723,-0.025772095,0.044891357,0.35323715,-0.0016281232,0.002519533,0.006574005,0.0012797117,0.0,0.0,0.0,0.0,0.0,0.26325542,0.26328504,0.5715298,0.5307107,0.5307322,4.056299,0.0025101423,0.0025103223,0.002509731,0.09014834,0.0,0.0,0.0,0.0,0.0,0.00076340797,0.009231255,0.018587623,0.0,0.0,0.0,0.0,0.0,0.0
1819988902,-0.013497114,-0.012214184,0.04827833,-0.03300476,0.018218994,0.20650864,-0.0016281232,0.002519533,0.006574005,0.031701684,0.0,0.0,0.0,0.0,0.0,0.26318806,0.26321548,0.57152355,0.5319205,0.531942,4.0559945,0.0025101423,0.0025103223,0.002509731,0.09014844,0.0,0.0,0.0,0.0,0.0,0.0010729159,0.0047719795,0.011505473,0.0,0.0,0.0,0.0,0.0,0.0
1820192682,0.019802809,-0.04202366,0.10137713,-0.03492737,0.017303467,0.73127365,-0.0016281232,0.002519533,0.006574005,-0.046136618,0.0,0.0,0.0,0.0,0.0,0.2631797,0.26320487,0.5715267,0.5319219,0.5319434,4.0558867,0.0025101423,0.0025103223,0.002509731,0.09014829,0.0,0.0,0.0,0.0,0.0,0.0005641175,0.0050263056,0.017566133,0.0,0.0,0.0,0.0,0.0,0.0
1820393680,-0.025386572,0.1202569,-0.0068030357,-0.08390808,-0.02810669,-0.69159317,-0.0016281232,0.002519533,0.006574005,-0.05771029,0.0,0.0,0.0,0.0,0.0,0.26314652,0.2631706,0.57150507,0.53162444,0.5316454,4.056007,0.0025101423,0.0025103223,0.002509731,0.09014816,0.0,0.0,0.0,0.0,0.0,0.00041243236,0.011980882,0.03673986,0.0,0.0,0.0,0.0,0.0,0.0
1820594232,0.016425848,0.04299164,0.043358207,-0.087646484,0.040008545,-0.041194916,-0.0016281232,0.002519533,0.006574005,-0.005566716,0.0,0.0,0.0,0.0,0.0,0.26324105,0.26326525,0.57153875,0.53203934,0.5320607,4.056343,0.0025101423,0.0025103223,0.002509731,0.09014812,0.0,0.0,0.0,0.0,0.0,0.00040235385,0.008705652,0.02754561,0.0,0.0,0.0,0.0,0.0,0.0
1820795306,0.04435563,0.013270855,0.11399901,-0.107940674,-0.024871826,0.28902817,-0.0016281232,0.002519533,0.006574005,0.108694196,0.0,0.0,0.0,0.0,0.0,0.26319325,0.2632174,0.5715101,0.5303532,0.5303741,4.0561547,0.0025101423,0.0025103223,0.002509731,0.09014806,0.0,0.0,0.0,0.0,0.0,0.00067384023,0.0054843687,0.019999612,0.0,0.0,0.0,0.0,0.0,0.0
1820995260,0.005596161,0.07991552,0.043815613,-0.12008667,-0.016296387,-0.22184372,-0.0016281232,0.002519533,0.006574005,0.024026394,0.0,0.0,0.0,0.0,0.0,0.2632016,0.26322517,0.57151115,0.5303705,0.53039134,4.0561247,0.0025101423,0.0025103223,0.002509731,0.09014825,0.0,0.0,0.0,0.0,0.0,0.00059518527,0.0030083528,0.007550376,0.0,0.0,0.0,0.0,0.0,0.0
1821200028,0.045268297,0.007007122,0.016978502,-0.13867188,-0.042114258,0.4213829,-0.0016281232,0.002519533,0.006574005,-0.045336127,0.0,0.0,0.0,0.0,0.0,0.26317596,0.26319805,0.57150817,0.53024715,0.53026766,4.0560026,0.0025101423,0.0025103223,0.002509731,0.09014822,0.0,0.0,0.0,0.0,0.0,0.00028619394,0.006876069,0.023759797,0.0,0.0,0.0,0.0,0.0,0.0
1821401030,-0.020315409,-0.02559185,0.0630734,-0.1459198,-0.037322998,0.57125473,-0.0016281232,0.002519533,0.006574005,-0.03903675,0.0,0.0,0.0,0.0,0.0,0.26325935,0.26328036,0.571514,0.5289412,0.5289614,4.0560822,0.0025101423,0.0025103223,0.002509731,0.09014798,0.0,0.0,0.0,0.0,0.0,0.000466373,0.0085939495,0.028565021,0.0,0.0,0.0,0.0,0.0,0.0
1821601626,-0.005791664,0.058229923,0.07212162,-0.14974976,-0.026031494,0.29514694,-0.0016281232,0.002519533,0.006574005,0.07379532,0.0,0.0,0.0,0.0,0.0,0.26329878,0.26332065,0.57144284,0.5289581,0.5289779,4.056199,0.0025101423,0.0025103223,0.002509731,0.09014802,0.0,0.0,0.0,0.0,0.0,0.00031537423,0.0038119196,0.01373515,0.0,0.0,0.0,0.0,0.0,0.0
1821805429,0.041991472,-0.035812378,0.037435412,-0.15185547,-0.019317627,-1.1739616,-0.0016281232,0.002519533,0.006574005,-0.06581831,0.0,0.0,0.0,0.0,0.0,0.2632995,0.26332214,0.571447,0.5290088,0.5290283,4.056296,0.0025101423,0.0025103223,0.002509731,0.09014791,0.0,0.0,0.0,0.0,0.0,0.00017540423,0.002570789,0.0078108646,0.0,0.0,0.0,0.0,0.0,0.0
1822006221,0.08725524,0.053606033,-0.037068486,-0.1435852,-0.015777588,0.17174911,-0.0016281232,0.002519533,0.006574005,0.001885891,0.0,0.0,0.0,0.0,0.0,0.26332593,0.26334855,0.57144827,0.5276827,0.5277021,4.0560846,0.0025101423,0.0025103223,0.002509731,0.09014781,0.0,0.0,0.0,0.0,0.0,0.000114730865,0.0014641894,0.0021847794,0.0,0.0,0.0,0.0,0.0,0.0
1822207181,-0.023933649,0.061849594,0.040168166,-0.14506531,-0.011291504,-0.19866562,-0.0016281232,0.002519533,0.006574005,0.015120983,0.0,0.0,0.0,0.0,0.0,0.26330924,0.26333183,0.57144934,0.52767414,0.52769345,4.056324,0.0025101423,0.0025103223,0.002509731,0.09014776,0.0,0.0,0.0,0.0,0.0,0.00016725925,0.0024692675,0.0059187976,0.0,0.0,0.0,0.0,0.0,0.0
1822411016,0.025013208,-0.0059833527,0.07402861,-0.13842773,0.026306152,-0.22122574,-0.0016281232,0.002519533,0.006574005,-0.025874376,0.0,0.0,0.0,0.0,0.0,0.26332772,0.26335052,0.5714722,0.52649635,0.5265159,4.056132,0.0025101423,0.0025103223,0.002509731,0.090147816,0.0,0.0,0.0,0.0,0.0,0.0001326938,0.0017266732,0.0060373195,0.0,0.0,0.0,0.0,0.0,0.0
1822612059,0.0146558285,-0.044828415,0.088329315,-0.12504578,0.024291992,-0.6018181,-0.0016281232,0.002519533,0.006574005,0.048256397,0.0,0.0,0.0,0.0,0.0,0.26332107,0.26334447,0.5714719,0.5251058,0.52512544,4.0562077,0.0025101423,0.0025103223,0.002509731,0.09014789,0.0,0.0,0.0,0.0,0.0,0.00018791099,0.0028540546,0.008991652,0.0,0.0,0.0,0.0,0.0,0.0
1822816931,0.08491874,0.012309551,0.11882937,-0.12818909,-0.016662598,-0.7560158,-0.0016281232,0.002519533,0.006574005,0.08134401,0.0,0.0,0.0,0.0,0.0,0.26323614,0.26325879,0.571442,0.5233659,0.5233854,4.0562816,0.0025101423,0.0025103223,0.002509731,0.09014787,0.0,0.0,0.0,0.0,0.0,0.00027305956,0.0093030315,0.031536747,0.0,0.0,0.0,0.0,0.0,0.0
1823017664,0.16061783,-0.051692486,0.05841911,-0.07867432,0.042938232,-0.13181686,-0.0016281232,0.002519533,0.006574005,0.13642848,0.0,0.0,0.0,0.0,0.0,0.26326448,0.26328668,0.5714684,0.5222919,0.5223118,4.0563364,0.0025101423,0.0025103223,0.002509731,0.09014787,0.0,0.0,0.0,0.0,0.0,0.0008593853,0.0074413884,0.019716393,0.0,0.0,0.0,0.0,0.0,0.0
1823217665,0.14456677,-0.103544235,0.08543241,-0.072906494,-0.01473999,-0.21240616,-0.0016281232,0.002519533,0.006574005,0.060985684,0.0,0.0,0.0,0.0,0.0,0.263174,0.26319557,0.57143766,0.52052164,0.5205413,4.0562735,0.0025101423,0.0025103223,0.002509731,0.09014775,0.0,0.0,0.0,0.0,0.0,0.00057894405,0.008306552,0.016619448,0.0,0.0,0.0,0.0,0.0,0.0
1823422444,0.015931845,0.024351597,0.013224483,-0.07562256,-0.022155762,0.049518585,-0.0016281232,0.002519533,0.006574005,0.016771197,0.0,0.0,0.0,0.0,0.0,0.26312998,0.26315114,0.5714323,0.52031666,0.5203363,4.0563293,0.0025101423,0.0025103223,0.002509731,0.09014781,0.0,0.0,0.0,0.0,0.0,0.00015225311,0.006100062,0.017165598,0.0,0.0,0.0,0.0,0.0,0.0
1823623311,0.085885525,0.02024126,0.051027894,-0.033111572,0.051605225,0.41276932,-0.0016281232,0.002519533,0.006574005,0.0037261248,0.0,0.0,0.0,0.0,0.0,0.26319155,0.26321292,0.5714631,0.5206418,0.5206617,4.056126,0.0025101423,0.0025103223,0.002509731,0.090147726,0.0,0.0,0.0,0.0,0.0,0.00028482525,0.0066885,0.021206513,0.0,0.0,0.0,0.0,0.0,0.0
1823823253,0.0051014423,0.017746449,0.067368984,-0.020874023,0.05014038,-0.25748062,-0.0016281232,0.002519533,0.006574005,0.03146732,0.0,0.0,0.0,0.0,0.0,0.2631697,0.26319236,0.5714617,0.52191335,0.5219331,4.056193,0.0025101423,0.0025103223,0.002509731,0.09014765,0.0,0.0,0.0,0.0,0.0,0.00030695397,0.0062803007,0.021989033,0.0,0.0,0.0,0.0,0.0,0.0
1824023997,0.05698681,0.101172924,0.09611106,-0.010223389,0.06399536,0.14500809,-0.0016281232,0.002519533,0.006574005,-0.010874152,0.0,0.0,0.0,0.0,0.0,0.26316205,0.26318654,0.5713895,0.5218933,0.52191293,4.0560136,0.0025101423,0.0025103223,0.002509731,0.09014764,0.0,0.0,0.0,0.0,0.0,0.00026602476,0.0062116752,0.017399866,0.0,0.0,0.0,0.0,0.0,0.0
1824224980,0.054495096,0.075508595,0.1550237,-0.0031585693,0.07757568,-0.8955803,-0.0016281232,0.002519533,0.006574005,0.0523082,0.0,0.0,0.0,0.0,0.0,0.26318717,0.26321346,0.57139415,0.52324134,0.5232609,4.0560956,0.0025101423,0.0025103223,0.002509731,0.09014763,0.0,0.0,0.0,0.0,0.0,0.0002284028,0.0067238766,0.018550398,0.0,0.0,0.0,0.0,0.0,0.0
1824425621,0.07733488,0.08499956,0.08533454,-0.0178833,0.02670288,-0.72735214,-0.0016281232,0.002519533,0.006574005,0.03087163,0.0,0.0,0.0,0.0,0.0,0.26314884,0.26317853,0.57136744,0.52288085,0.5229002,4.056167,0.0025101423,0.0025103223,0.002509731,0.090147555,0.0,0.0,0.0,0.0,0.0,0.00020859274,0.0072375,0.021214042,0.0,0.0,0.0,0.0,0.0,0.0
1824629587,0.059865236,0.063435555,0.05608499,0.020370483,0.092437744,0.51618576,-0.0016281232,0.002519533,0.006574005,0.015613794,0.0,0.0,0.0,0.0,0.0,0.26324907,0.2632808,0.5713995,0.52463984,0.52465993,4.0559807,0.0025101423,0.0025103223,0.002509731,0.0901475,0.0,0.0,0.0,0.0,0.0,0.00038934167,0.0075050197,0.022590972,0.0,0.0,0.0,0.0,0.0,0.0
1824830574,0.061797142,0.053058624,0.07161307,0.009399414,0.044677734,-0.21349716,-0.0016281232,0.002519533,0.006574005,0.098461986,0.0,0.0,0.0,0.0,0.0,0.2631814,0.26321226,0.5713763,0.52433294,0.52435315,4.055826,0.0025101423,0.0025103223,0.002509731,0.09014744,0.0,0.0,0.0,0.0,0.0,0.00046743217,0.0046444223,0.015021415,0.0,0.0,0.0,0.0,0.0,0.0
1825031266,-0.0269382,-0.039288998,0.10686147,0.016174316,0.07080078,0.04605484,-0.0016281232,0.002519533,0.006574005,0.022748232,0.0,0.0,0.0,0.0,0.0,0.26321992,0.263245,0.5714078,0.5245676,0.5245882,4.055805,0.0025101423,0.0025103223,0.002509731,0.09014741,0.0,0.0,0.0,0.0,0.0,6.303293e-05,0.004028242,0.016081803,0.0,0.0,0.0,0.0,0.0,0.0
1825232133,0.1465435,-0.04041338,-0.056103826,0.043930054,0.06567383,-0.2017479,-0.0016281232,0.002519533,0.006574005,-0.0038337708,0.0,0.0,0.0,0.0,0.0,0.26326326,0.26328313,0.57134193,0.5259446,0.5259649,4.0559306,0.0025101423,0.0025103223,0.002509731,0.0901474,0.0,0.0,0.0,0.0,0.0,0.00020514091,0.005606236,0.016802339,0.0,0.0,0.0,0.0,0.0,0.0
1825436044,0.057613134,0.024622917,0.15931904,0.039489746,0.068359375,-0.081539154,-0.0016281232,0.002519533,0.006574005,0.006717801,0.0,0.0,0.0,0.0,0.0,0.26325676,0.26327294,0.5713504,0.526005,0.5260248,4.055773,0.0025101423,0.0025103223,0.002509731,0.09014749,0.0,0.0,0.0,0.0,0.0,0.0002094753,0.0044935774,0.0126454495,0.0,0.0,0.0,0.0,0.0,0.0
1825636808,0.022595406,-0.024980068,0.096877456,0.0496521,0.06390381,-0.12538528,-0.0016281232,0.002519533,0.006574005,0.15846956,0.0,0.0,0.0,0.0,0.0,0.26325297,0.26326713,0.5713561,0.52605647,0.52607536,4.0558653,0.0025101423,0.0025103223,0.002509731,0.09014747,0.0,0.0,0.0,0.0,0.0,0.00019592086,0.0028858585,0.010056726,0.0,0.0,0.0,0.0,0.0,0.0
1825837394,0.01951003,0.04391527,0.08875716,0.057998657,0.05215454,-0.61351395,-0.0016281232,0.002519533,0.006574005,-0.042262673,0.0,0.0,0.0,0.0,0.0,0.2632523,0.26326486,0.5713596,0.52606916,0.5260871,4.05571,0.0025101423,0.0025103223,0.002509731,0.09014755,0.0,0.0,0.0,0.0,0.0,0.0003738595,0.0017234863,0.008606299,0.0,0.0,0.0,0.0,0.0,0.0
1826037675,0.03523636,0.012272358,0.10915387,0.038238525,0.007385254,0.2753563,-0.0016281232,0.002519533,0.006574005,0.103768826,0.0,0.0,0.0,0.0,0.0,0.26319626,0.26320928,0.57133615,0.52577245,0.5257893,4.055823,0.0025101423,0.0025103223,0.002509731,0.090147465,0.0,0.0,0.0,0.0,0.0,9.622222e-05,0.004537694,0.015893426,0.0,0.0,0.0,0.0,0.0,0.0
1826238518,0.05895853,-0.012038231,0.13000989,0.052108765,0.009979248,-0.86706924,-0.0016281232,0.002519533,0.006574005,-0.022961855,0.0,0.0,0.0,0.0,0.0,0.2632074,0.26322275,0.57133996,0.52721965,0.52723587,4.0559053,0.0025101423,0.0025103223,0.002509731,0.0901475,0.0,0.0,0.0,0.0,0.0,0.00023319524,0.0103368135,0.035313368,0.0,0.0,0.0,0.0,0.0,0.0
1826443452,0.040795326,0.015269756,0.13548326,0.030685425,-0.04220581,0.5110817,-0.0016281232,0.002519533,0.006574005,0.045603275,0.0,0.0,0.0,0.0,0.0,0.26310408,0.2631234,0.5713129,0.5269305,0.5269461,4.056043,0.0025101423,0.0025103223,0.002509731,0.09014741,0.0,0.0,0.0,0.0,0.0,0.0004328834,0.003972735,0.010810117,0.0,0.0,0.0,0.0,0.0,0.0
1826647242,0.024026394,-0.013475895,0.11120629,0.1131897,0.17007446,-0.85290146,-0.0016281232,0.002519533,0.006574005,-0.058863044,0.0,0.0,0.0,0.0,0.0,0.26334602,0.26336965,0.57135725,0.5283945,0.52841115,4.055863,0.0025101423,0.0025103223,0.002509731,0.090147324,0.0,0.0,0.0,0.0,0.0,0.0003649805,0.0023982616,0.008435809,0.0,0.0,0.0,0.0,0.0,0.0
1826848109,0.053952217,-0.033687115,0.088551044,0.078201294,0.04876709,-0.24002457,-0.0016281232,0.002519533,0.006574005,-0.007503152,0.0,0.0,0.0,0.0,0.0,0.26320037,0.26322734,0.5713033,0.5290145,0.52903104,4.0556784,0.0025101423,0.0025103223,0.002509731,0.09014738,0.0,0.0,0.0,0.0,0.0,0.00023044753,0.004183108,0.013731757,0.0,0.0,0.0,0.0,0.0,0.0
1827048850,-0.043936968,0.045208454,0.087916255,0.054763794,-0.003479004,0.35669327,-0.0016281232,0.002519533,0.006574005,0.02722776,0.0,0.0,0.0,0.0,0.0,0.2631443,0.26317316,0.571282,0.5287126,0.52872986,4.0557847,0.0025101423,0.0025103223,0.002509731,0.09014732,0.0,0.0,0.0,0.0,0.0,0.000115387054,0.002896474,0.009087531,0.0,0.0,0.0,0.0,0.0,0.0
1827248901,-0.030068874,-0.0052838326,0.06252158,0.04046631,0.002380371,-0.10667038,-0.0016281232,0.002519533,0.006574005,-0.12164199,0.0,0.0,0.0,0.0,0.0,0.26316646,0.2631959,0.5712866,0.530125,0.5301436,4.0556707,0.0025101423,0.0025103223,0.002509731,0.09014724,0.0,0.0,0.0,0.0,0.0,0.00018092144,0.0032257687,0.0068642506,0.0,0.0,0.0,0.0,0.0,0.0
1827450459,0.030202627,-0.04507923,0.19217288,0.01713562,-0.047851562,-0.4077568,-0.0016281232,0.002519533,0.006574005,0.02906382,0.0,0.0,0.0,0.0,0.0,0.26311895,0.2631485,0.5712769,0.5313321,0.5313526,4.0557885,0.0025101423,0.0025103223,0.002509731,0.09014712,0.0,0.0,0.0,0.0,0.0,0.00059595593,0.007197906,0.017398132,0.0,0.0,0.0,0.0,0.0,0.0
1827654280,0.030202627,-0.04507923,0.19217288,0.01713562,-0.047851562,-0.37903976,-0.0016281232,0.002519533,0.006574005,0.023645759,0.0,0.0,0.0,0.0,0.0,0.26311895,0.2631485,0.5712769,0.5313321,0.5313526,4.055776,0.0025101423,0.0025103223,0.002509731,0.0901472,0.0,0.0,0.0,0.0,0.0,0.0006839239,0.0044836407,0.011953272,0.0,0.0,0.0,0.0,0.0,0.0
1827855024,-0.0740397,0.05107498,0.03610277,0.019622803,-0.009124756,-0.9470711,-0.0016281232,0.002519533,0.006574005,-0.014108658,0.0,0.0,0.0,0.0,0.0,0.26314113,0.26317072,0.57130826,0.5316184,0.53164023,4.0556,0.0025101423,0.0025103223,0.002509731,0.09014714,0.0,0.0,0.0,0.0,0.0,0.00082951196,0.0125251375,0.038718104,0.0,0.0,0.0,0.0,0.0,0.0
1828059249,-0.014687777,-0.05402088,0.022010326,0.019729614,-0.005706787,-0.18637466,-0.0016281232,0.002519533,0.006574005,0.065871835,0.0,0.0,0.0,0.0,0.0,0.26315513,0.2631825,0.57126117,0.53313303,0.5331565,4.055516,0.0025101423,0.0025103223,0.002509731,0.09014707,0.0,0.0,0.0,0.0,0.0,0.00066506193,0.01417426,0.0467691,0.0,0.0,0.0,0.0,0.0,0.0
1828264091,0.013047695,0.0020833015,0.07405102,0.016784668,-0.03036499,-0.766346,-0.0016281232,0.002519533,0.006574005,-0.021132827,0.0,0.0,0.0,0.0,0.0,0.26321885,0.26324657,0.571272,0.5330548,0.5330787,4.055539,0.0025101423,0.0025103223,0.002509731,0.09014722,0.0,0.0,0.0,0.0,0.0,0.00035114173,0.009401837,0.032305498,0.0,0.0,0.0,0.0,0.0,0.0
1828464575,-0.070883274,-0.02991867,0.06513107,0.009994507,-0.032836914,0.22947311,-0.0016281232,0.002519533,0.006574005,-0.0017974377,0.0,0.0,0.0,0.0,0.0,0.26328176,0.26331294,0.57128763,0.53451055,0.5345347,4.054949,0.0025101423,0.0025103223,0.002509731,0.09014724,0.0,0.0,0.0,0.0,0.0,0.00049230974,0.0068309316,0.01522767,0.0,0.0,0.0,0.0,0.0,0.0
1828665659,-0.004261017,-0.009797096,0.08732355,0.026443481,0.022644043,-0.43240738,-0.0016281232,0.002519533,0.006574005,0.0447706,0.0,0.0,0.0,0.0,0.0,0.26330897,0.2633424,0.5713323,0.53496337,0.5349884,4.0556087,0.0025101423,0.0025103223,0.002509731,0.09014725,0.0,0.0,0.0,0.0,0.0,0.00012416334,0.00397326,0.009612822,0.0,0.0,0.0,0.0,0.0,0.0
1828869748,0.015242577,0.012282848,0.04940009,-0.00050354004,-0.014862061,-0.48254776,-0.0016281232,0.002519533,0.006574005,-0.07580185,0.0,0.0,0.0,0.0,0.0,0.2632081,0.26324007,0.5713159,0.5346701,0.5346952,4.05525,0.0025101423,0.0025103223,0.002509731,0.090147346,0.0,0.0,0.0,0.0,0.0,0.0002867996,0.0071472134,0.024420353,0.0,0.0,0.0,0.0,0.0,0.0
1829070453,-0.07828736,-0.007833481,0.04548812,-0.011505127,-0.0014648438,-0.115283966,-0.0016281232,0.002519533,0.006574005,0.0141432285,0.0,0.0,0.0,0.0,0.0,0.2632284,0.26325795,0.5713282,0.5361302,0.5361558,4.0556207,0.0025101423,0.0025103223,0.002509731,0.09014737,0.0,0.0,0.0,0.0,0.0,0.00066335,0.008204247,0.02400466,0.0,0.0,0.0,0.0,0.0,0.0
1829271448,-0.019808292,0.014176369,0.01732552,0.013931274,0.046722412,-0.67827225,-0.0016281232,0.002519533,0.006574005,0.047613382,0.0,0.0,0.0,0.0,0.0,0.2633008,0.26332876,0.5712967,0.5365243,0.5365505,4.0557356,0.0025101423,0.0025103223,0.002509731,0.09014722,0.0,0.0,0.0,0.0,0.0,0.00035935038,0.011292094,0.036091767,0.0,0.0,0.0,0.0,0.0,0.0
1829472230,-0.00647521,-0.08498001,0.03959012,0.03491211,0.03451538,0.18886185,-0.0016281232,0.002519533,0.006574005,-0.043545365,0.0,0.0,0.0,0.0,0.0,0.26331222,0.2633402,0.5713082,0.53656125,0.5365876,4.0556006,0.0025101423,0.0025103223,0.002509731,0.09014732,0.0,0.0,0.0,0.0,0.0,0.0003778404,0.004845842,0.0143312765,0.0,0.0,0.0,0.0,0.0,0.0
1829676040,-0.058712482,-0.06783056,0.047423363,0.014633179,-0.025665283,-0.51366806,-0.0016281232,0.002519533,0.006574005,-0.052572966,0.0,0.0,0.0,0.0,0.0,0.2632525,0.2632799,0.5712896,0.53625154,0.53627753,4.0552664,0.0025101423,0.0025103223,0.002509731,0.090147324,0.0,0.0,0.0,0.0,0.0,0.00057985773,0.007388235,0.016189728,0.0,0.0,0.0,0.0,0.0,0.0
1829876853,0.007873297,-0.012194157,0.18942165,0.010421753,-0.022369385,0.44984818,-0.0016281232,0.002519533,0.006574005,0.137532,0.0,0.0,0.0,0.0,0.0,0.2632383,0.2632655,0.5713011,0.5362851,0.5363111,4.05511,0.0025101423,0.0025103223,0.002509731,0.090147264,0.0,0.0,0.0,0.0,0.0,0.0009798508,0.004191113,0.011601369,0.0,0.0,0.0,0.0,0.0,0.0
1830077320,0.054867744,0.041815758,0.06343055,0.057632446,0.064086914,0.019435883,-0.0016281232,0.002519533,0.006574005,-0.08109987,0.0,0.0,0.0,0.0,0.0,0.26332438,0.26335195,0.5712935,0.53685236,0.536879,4.0556226,0.0025101423,0.0025103223,0.002509731,0.090147205,0.0,0.0,0.0,0.0,0.0,0.00060947717,0.0062638256,0.016100895,0.0,0.0,0.0,0.0,0.0,0.0
1830277762,-0.0054547787,-0.026177406,0.06421614,0.0052337646,-0.03390503,0.1797905,-0.0016281232,0.002519533,0.006574005,0.1075716,0.0,0.0,0.0,0.0,0.0,0.2631741,0.26320115,0.5713192,0.53615654,0.5361822,4.0552626,0.0025101423,0.0025103223,0.002509731,0.090147294,0.0,0.0,0.0,0.0,0.0,0.0007044997,0.007603335,0.025050681,0.0,0.0,0.0,0.0,0.0,0.0
1830478480,-0.059868336,0.0218606,0.17214477,0.021438599,0.02355957,1.4697227,-0.0016281232,0.002519533,0.006574005,-0.012211084,0.0,0.0,0.0,0.0,0.0,0.26334006,0.26336703,0.5712917,0.53795975,0.53798586,4.0556064,0.0025101423,0.0025103223,0.002509731,0.09014732,0.0,0.0,0.0,0.0,0.0,9.6071984e-05,0.023855615,0.07856554,0.0,0.0,0.0,0.0,0.0,0.0
1830679286,0.029170036,0.027055264,0.09016383,0.022064209,0.030975342,-0.23785782,-0.0016281232,0.002519533,0.006574005,0.091998935,0.0,0.0,0.0,0.0,0.0,0.26339585,0.2634233,0.57130265,0.53798324,0.5380092,4.0557437,0.0025101423,0.0025103223,0.002509731,0.090147264,0.0,0.0,0.0,0.0,0.0,0.00046943413,0.020275332,0.070159666,0.0,0.0,0.0,0.0,0.0,0.0
1830880061,0.066096544,-0.03363943,0.17830074,0.01953125,0.032043457,0.05587387,-0.0016281232,0.002519533,0.006574005,-0.02208674,0.0,0.0,0.0,0.0,0.0,0.26334098,0.26337054,0.57131654,0.53802717,0.53805315,4.055153,0.0025101423,0.0025103223,0.002509731,0.09014722,0.0,0.0,0.0,0.0,0.0,0.00029828318,0.014174997,0.048015337,0.0,0.0,0.0,0.0,0.0,0.0
1831080038,-0.0013985634,0.0047664642,0.022890687,0.0022125244,-0.03994751,-0.83346176,-0.0016281232,0.002519533,0.006574005,0.0062395334,0.0,0.0,0.0,0.0,0.0,0.26321334,0.26324344,0.57129365,0.5375518,0.53757745,4.0551586,0.0025101423,0.0025103223,0.002509731,0.090147294,0.0,0.0,0.0,0.0,0.0,0.00010254085,0.0063583045,0.025233932,0.0,0.0,0.0,0.0,0.0,0.0
1831280891,-0.07268906,-0.013440609,0.016415954,0.014312744,0.01675415,-0.3798027,-0.0016281232,0.002519533,0.006574005,0.025132895,0.0,0.0,0.0,0.0,0.0,0.2633085,0.26333845,0.57133305,0.53794706,0.53797334,4.055267,0.0025101423,0.0025103223,0.002509731,0.09014731,0.0,0.0,0.0,0.0,0.0,7.9295496e-05,0.0042273384,0.008414586,0.0,0.0,0.0,0.0,0.0,0.0
1831481629,-0.009962082,0.043498993,0.051750183,-0.004043579,-0.03326416,0.0037345886,-0.0016281232,0.002519533,0.006574005,0.061120987,0.0,0.0,0.0,0.0,0.0,0.2632427,0.26327133,0.5713168,0.5376509,0.537677,4.055139,0.0025101423,0.0025103223,0.002509731,0.09014741,0.0,0.0,0.0,0.0,0.0,0.0001557064,0.0061194077,0.018824523,0.0,0.0,0.0,0.0,0.0,0.0
1831681717,-0.002891779,-0.040322304,0.05979085,0.0074005127,-0.029785156,-0.46945572,-0.0016281232,0.002519533,0.006574005,-0.0055379868,0.0,0.0,0.0,0.0,0.0,0.26321918,0.26324758,0.57133126,0.53772277,0.5377491,4.0550694,0.0025101423,0.0025103223,0.002509731,0.090147264,0.0,0.0,0.0,0.0,0.0,0.0004969414,0.011760012,0.039964765,0.0,0.0,0.0,0.0,0.0,0.0
1831882506,-0.041939974,-0.013952255,0.114136815,0.037750244,0.027282715,0.2971382,-0.0016281232,0.002519533,0.006574005,-0.07506168,0.0,0.0,0.0,0.0,0.0,0.26326612,0.2632942,0.57130414,0.53670216,0.536729,4.0549417,0.0025101423,0.0025103223,0.002509731,0.090147205,0.0,0.0,0.0,0.0,0.0,0.0005923118,0.0053287186,0.02101851,0.0,0.0,0.0,0.0,0.0,0.0
1832083325,-0.081138134,-0.06222391,0.0147509575,0.0016021729,-0.018981934,-0.7206459,-0.0016281232,0.002519533,0.006574005,-0.033469558,0.0,0.0,0.0,0.0,0.0,0.26321384,0.26324067,0.5712934,0.53774166,0.53776807,4.054852,0.0025101423,0.0025103223,0.002509731,0.09014723,0.0,0.0,0.0,0.0,0.0,0.0004304513,0.007757613,0.021315655,0.0,0.0,0.0,0.0,0.0,0.0
1832288089,-0.006330967,-0.032928467,0.11089301,0.019485474,0.016174316,0.05677414,-0.0016281232,0.002519533,0.006574005,-0.17654407,0.0,0.0,0.0,0.0,0.0,0.26324946,0.2632755,0.5713336,0.5379683,0.53799474,4.055165,0.0025101423,0.0025103223,0.002509731,0.09014739,0.0,0.0,0.0,0.0,0.0,0.00015168791,0.0068822117,0.023476161,0.0,0.0,0.0,0.0,0.0,0.0
1832492224,-0.03656411,0.03171873,0.0045278072,0.05130005,0.13763428,0.4583931,-0.0016281232,0.002519533,0.006574005,0.07682657,0.0,0.0,0.0,0.0,0.0,0.26337448,0.26340076,0.57133335,0.538679,0.53870606,4.055824,0.0025101423,0.0025103223,0.002509731,0.09014742,0.0,0.0,0.0,0.0,0.0,0.00039161797,0.0058850013,0.014962377,0.0,0.0,0.0,0.0,0.0,0.0
1832692626,-0.12526894,-0.038240433,0.06167507,0.020751953,0.071624756,-0.22870255,-0.0016281232,0.002519533,0.006574005,0.034905314,0.0,0.0,0.0,0.0,0.0,0.26327825,0.2633049,0.571386,0.5382414,0.5382678,4.0559387,0.0025101423,0.0025103223,0.002509731,0.09014751,0.0,0.0,0.0,0.0,0.0,0.0008865202,0.006833371,0.014997071,0.0,0.0,0.0,0.0,0.0,0.0
1832893631,-0.12749958,-0.032113552,0.005689025,0.0008239746,0.00970459,0.21430588,-0.0016281232,0.002519533,0.006574005,-0.0678879,0.0,0.0,0.0,0.0,0.0,0.26323608,0.26326293,0.5713674,0.5378889,0.53791475,4.055329,0.0025101423,0.0025103223,0.002509731,0.09014744,0.0,0.0,0.0,0.0,0.0,0.00086623756,0.008379531,0.01454234,0.0,0.0,0.0,0.0,0.0,0.0
1833093716,-0.025323153,-0.040218353,0.07484996,-0.007858276,-0.04849243,-0.20451736,-0.0016281232,0.002519533,0.006574005,-0.04368794,0.0,0.0,0.0,0.0,0.0,0.26320508,0.26323232,0.5713528,0.5362017,0.53622735,4.0552015,0.0025101423,0.0025103223,0.002509731,0.0901473,0.0,0.0,0.0,0.0,0.0,0.0004842174,0.006080375,0.012790442,0.0,0.0,0.0,0.0,0.0,0.0
1833294443,-0.085403204,-0.06668329,0.08949542,0.022460938,0.01586914,-0.23837662,-0.0016281232,0.002519533,0.006574005,-0.044636726,0.0,0.0,0.0,0.0,0.0,0.26327503,0.26330265,0.5713242,0.5365635,0.5365896,4.0553265,0.0025101423,0.0025103223,0.002509731,0.09014732,0.0,0.0,0.0,0.0,0.0,0.00035447683,0.006405642,0.01399163,0.0,0.0,0.0,0.0,0.0,0.0
1833499310,-0.10045171,-0.015086174,0.0090203285,0.0236969,0.018432617,-0.27817917,-0.0016281232,0.002519533,0.006574005,0.045232534,0.0,0.0,0.0,0.0,0.0,0.26328224,0.26331037,0.571338,0.53657585,0.5366021,4.05546,0.0025101423,0.0025103223,0.002509731,0.090147346,0.0,0.0,0.0,0.0,0.0,0.00021118521,0.007910171,0.021204013,0.0,0.0,0.0,0.0,0.0,0.0
1833699287,-0.044145823,-0.07920599,0.04453945,0.024765015,0.019866943,-0.11691666,-0.0016281232,0.002519533,0.006574005,0.031024218,0.0,0.0,0.0,0.0,0.0,0.26326624,0.26329425,0.5713491,0.53520465,0.53523105,4.055359,0.0025101423,0.0025103223,0.002509731,0.09014744,0.0,0.0,0.0,0.0,0.0,0.00030141574,0.015748788,0.052060504,0.0,0.0,0.0,0.0,0.0,0.0
1833900062,-0.10229254,0.03536272,0.040042162,-0.008575439,-0.023773193,-0.7905159,-0.0016281232,0.002519533,0.006574005,-0.034761906,0.0,0.0,0.0,0.0,0.0,0.26315877,0.2631858,0.5713328,0.53619945,0.53622544,4.0553665,0.0025101423,0.0025103223,0.002509731,0.09014754,0.0,0.0,0.0,0.0,0.0,0.00047780023,0.005809208,0.017355658,0.0,0.0,0.0,0.0,0.0,0.0
1834100610,-0.097387314,0.0020098686,0.08864987,0.0012207031,0.015472412,0.1693306,-0.0016281232,0.002519533,0.006574005,-0.018321514,0.0,0.0,0.0,0.0,0.0,0.26317978,0.26320574,0.57136667,0.5364165,0.5364427,4.055483,0.0025101423,0.0025103223,0.002509731,0.09014754,0.0,0.0,0.0,0.0,0.0,0.0006655104,0.0061497097,0.011314032,0.0,0.0,0.0,0.0,0.0,0.0
1834301755,-0.015940428,0.008214474,0.17911744,-0.013961792,-0.03036499,-0.13521957,-0.0016281232,0.002519533,0.006574005,0.048448324,0.0,0.0,0.0,0.0,0.0,0.2631231,0.26314676,0.57134706,0.5360988,0.5361244,4.05534,0.0025101423,0.0025103223,0.002509731,0.09014755,0.0,0.0,0.0,0.0,0.0,0.000672779,0.004711999,0.016948683,0.0,0.0,0.0,0.0,0.0,0.0
1834502401,0.016938686,-0.049944878,0.071341634,-0.002105713,0.038757324,1.0653648,-0.0016281232,0.002519533,0.006574005,-0.05937493,0.0,0.0,0.0,0.0,0.0,0.26322046,0.26324236,0.57138646,0.536501,0.5365268,4.055735,0.0025101423,0.0025103223,0.002509731,0.09014749,0.0,0.0,0.0,0.0,0.0,0.0001834332,0.0013155612,0.006703334,0.0,0.0,0.0,0.0,0.0,0.0
1834706229,-0.10873413,0.03256941,0.04039049,-0.0043182373,0.05130005,0.9154854,-0.0016281232,0.002519533,0.006574005,0.018572092,0.0,0.0,0.0,0.0,0.0,0.26321042,0.2632307,0.57139236,0.5365152,0.5365406,4.055564,0.0025101423,0.0025103223,0.002509731,0.09014736,0.0,0.0,0.0,0.0,0.0,0.00079620257,0.0046674386,0.009208031,0.0,0.0,0.0,0.0,0.0,0.0
1834907210,-0.13992143,-0.005118847,0.0022929907,-0.020599365,0.05316162,0.5952492,-0.0016281232,0.002519533,0.006574005,0.11535466,0.0,0.0,0.0,0.0,0.0,0.26318786,0.26320902,0.5713986,0.53648984,0.53651494,4.0556436,0.0025101423,0.0025103223,0.002509731,0.09014738,0.0,0.0,0.0,0.0,0.0,0.0005645859,0.007423373,0.014676932,0.0,0.0,0.0,0.0,0.0,0.0
1835107803,-0.1386745,0.029223919,0.02018547,-0.018432617,0.057556152,-0.2962761,-0.0016281232,0.002519533,0.006574005,0.021666288,0.0,0.0,0.0,0.0,0.0,0.26316664,0.26319006,0.5714064,0.53649676,0.53652155,4.0557375,0.0025101423,0.0025103223,0.002509731,0.09014748,0.0,0.0,0.0,0.0,0.0,0.00072380836,0.010286198,0.02337258,0.0,0.0,0.0,0.0,0.0,0.0
1835308010,-0.15516853,0.047376633,0.03194642,-0.058013916,0.0055236816,0.5617485,-0.0016281232,0.002519533,0.006574005,0.09315789,0.0,0.0,0.0,0.0,0.0,0.26314607,0.26317137,0.5713855,0.5361695,0.536194,4.055824,0.0025101423,0.0025103223,0.002509731,0.090147406,0.0,0.0,0.0,0.0,0.0,0.0008534252,0.011740796,0.027577674,0.0,0.0,0.0,0.0,0.0,0.0
1835508912,-0.05945325,-0.10026741,0.091692686,-0.0496521,0.0076293945,0.47143936,-0.0016281232,0.002519533,0.006574005,0.009585977,0.0,0.0,0.0,0.0,0.0,0.26320446,0.26322946,0.5713903,0.5361907,0.5362153,4.055902,0.0025101423,0.0025103223,0.002509731,0.09014751,0.0,0.0,0.0,0.0,0.0,0.0005537037,0.010399925,0.029752957,0.0,0.0,0.0,0.0,0.0,0.0
1835709635,-0.046000957,-0.0880785,0.058084965,-0.045516968,0.0056152344,-0.39966965,-0.0016281232,0.002519533,0.006574005,-0.044823647,0.0,0.0,0.0,0.0,0.0,0.26320428,0.26322728,0.57139194,0.53625023,0.5362748,4.0559497,0.0025101423,0.0025103223,0.002509731,0.090147465,0.0,0.0,0.0,0.0,0.0,0.0003251158,0.009515748,0.026621515,0.0,0.0,0.0,0.0,0.0,0.0
1835909653,0.04017377,-0.15296793,0.12715602,-0.045394897,-0.004333496,-0.005718231,-0.0016281232,0.002519533,0.006574005,0.054674506,0.0,0.0,0.0,0.0,0.0,0.26314178,0.26316133,0.5713922,0.5349108,0.53493506,4.056007,0.0025101423,0.0025103223,0.002509731,0.09014752,0.0,0.0,0.0,0.0,0.0,0.00051762897,0.009284736,0.020378,0.0,0.0,0.0,0.0,0.0,0.0
1836110541,-0.07127643,-0.094753265,0.0038321018,-0.02935791,0.043426514,-0.20686722,-0.0016281232,0.002519533,0.006574005,-0.0030566454,0.0,0.0,0.0,0.0,0.0,0.26309732,0.26311594,0.5714159,0.53521585,0.53524,4.056183,0.0025101423,0.0025103223,0.002509731,0.090147644,0.0,0.0,0.0,0.0,0.0,0.00065003114,0.0061488654,0.011456709,0.0,0.0,0.0,0.0,0.0,0.0
1836311179,-0.12223482,-0.014221668,0.07932186,-0.02418518,0.07299805,-0.18766403,-0.0016281232,0.002519533,0.006574005,-0.056447268,0.0,0.0,0.0,0.0,0.0,0.2630531,0.26307672,0.5714311,0.53533864,0.5353629,4.056168,0.0025101423,0.0025103223,0.002509731,0.09014762,0.0,0.0,0.0,0.0,0.0,0.0008186973,0.0039612176,0.007480574,0.0,0.0,0.0,0.0,0.0,0.0
1836512137,-0.09271169,-0.06850958,0.031712353,-0.05369568,-0.015106201,0.5460396,-0.0016281232,0.002519533,0.006574005,0.024733901,0.0,0.0,0.0,0.0,0.0,0.262964,0.26299453,0.57139003,0.5347692,0.53479326,4.05631,0.0025101423,0.0025103223,0.002509731,0.09014751,0.0,0.0,0.0,0.0,0.0,0.0004419182,0.006040582,0.01374115,0.0,0.0,0.0,0.0,0.0,0.0
1836715800,-0.12225819,-0.11570883,0.026382804,-0.055282593,-0.013305664,-0.7956581,-0.0016281232,0.002519533,0.006574005,-0.11024797,0.0,0.0,0.0,0.0,0.0,0.26300228,0.2630367,0.5713864,0.5347824,0.5348075,4.056312,0.0025101423,0.0025103223,0.002509731,0.09014783,0.0,0.0,0.0,0.0,0.0,0.00039243948,0.009945604,0.018355384,0.0,0.0,0.0,0.0,0.0,0.0
1836916609,-0.016996622,-0.13280296,0.17316222,-0.047531128,0.02520752,0.3103752,-0.0016281232,0.002519533,0.006574005,-0.02905035,0.0,0.0,0.0,0.0,0.0,0.26304677,0.26307103,0.5713841,0.53200513,0.5320308,4.0563,0.0025101423,0.0025103223,0.002509731,0.09014778,0.0,0.0,0.0,0.0,0.0,0.00034652755,0.013724443,0.03173235,0.0,0.0,0.0,0.0,0.0,0.0
1837117872,-0.13551831,-0.057319164,0.08220428,-0.046905518,0.05645752,-0.57196426,-0.0016281232,0.002519533,0.006574005,0.0067175627,0.0,0.0,0.0,0.0,0.0,0.26306581,0.2630514,0.5714269,0.52343947,0.5234638,4.056301,0.0025101423,0.0025103223,0.002509731,0.09014729,0.0,0.0,0.0,0.0,0.0,0.00032779702,0.0065671634,0.013180187,0.0,0.0,0.0,0.0,0.0,0.0
1837318516,-0.009526253,-0.13604069,0.10215914,-0.009460449,0.17095947,0.372303,-0.0016281232,0.002519533,0.006574005,0.024985313,0.0,0.0,0.0,0.0,0.0,0.26308957,0.2630226,0.57138944,0.5155375,0.51555765,4.0560393,0.0025101423,0.0025103223,0.002509731,0.09014723,0.0,0.0,0.0,0.0,0.0,0.00021012442,0.0038579884,0.014517928,0.0,0.0,0.0,0.0,0.0,0.0
1837518425,-0.02664876,-0.023147106,-0.012662858,-0.008651733,0.21966553,0.3094902,-0.0016281232,0.002519533,0.006574005,0.058958054,0.0,0.0,0.0,0.0,0.0,0.2630859,0.26299807,0.5714287,0.5129073,0.51291984,4.0560703,0.0025101423,0.0025103223,0.002509731,0.09014696,0.0,0.0,0.0,0.0,0.0,0.00015545693,0.009966015,0.024294782,0.0,0.0,0.0,0.0,0.0,0.0
1837723295,-0.029419065,-0.017831326,0.088137835,-0.027252197,0.15756226,0.28819656,-0.0016281232,0.002519533,0.006574005,-0.048255563,0.0,0.0,0.0,0.0,0.0,0.26292294,0.26285943,0.5714016,0.512293,0.51229846,4.0558443,0.0025101423,0.0025103223,0.002509731,0.09014688,0.0,0.0,0.0,0.0,0.0,0.00042036854,0.011747831,0.027707057,0.0,0.0,0.0,0.0,0.0,0.0
1837924124,-0.035613418,-0.23000097,0.14835608,-0.012557983,0.12634277,0.90888596,-0.0016281232,0.002519533,0.006574005,0.02755773,0.0,0.0,0.0,0.0,0.0,0.26280344,0.26277933,0.5713238,0.5120912,0.51209193,4.0556407,0.0025101423,0.0025103223,0.002509731,0.09014676,0.0,0.0,0.0,0.0,0.0,0.00067676394,0.012209339,0.039224837,0.0,0.0,0.0,0.0,0.0,0.0
1838123810,0.02026534,-0.08802605,0.15820597,-0.015838623,0.090270996,-0.7654457,-0.0016281232,0.002519533,0.006574005,0.023844242,0.0,0.0,0.0,0.0,0.0,0.26269588,0.26270625,0.5713128,0.51309466,0.5130951,4.0555882,0.0025101423,0.0025103223,0.002509731,0.09014682,0.0,0.0,0.0,0.0,0.0,0.0007880145,0.014377079,0.04796099,0.0,0.0,0.0,0.0,0.0,0.0
1838328845,0.001970768,-0.12920189,0.013133679,-0.011062622,0.066345215,1.3858376,-0.0016281232,0.002519533,0.006574005,-0.013659358,0.0,0.0,0.0,0.0,0.0,0.2627108,0.26273438,0.5713156,0.51564777,0.51565135,4.0554256,0.0025101423,0.0025103223,0.002509731,0.09014682,0.0,0.0,0.0,0.0,0.0,0.00053795107,0.013806648,0.04785774,0.0,0.0,0.0,0.0,0.0,0.0
1838529657,-0.07270837,-0.051418304,0.07411935,0.008117676,0.12390137,0.37050247,-0.0016281232,0.002519533,0.006574005,-0.0069955587,0.0,0.0,0.0,0.0,0.0,0.262902,0.26292527,0.5713588,0.5186438,0.51865286,4.0557876,0.0025101423,0.0025103223,0.002509731,0.09014675,0.0,0.0,0.0,0.0,0.0,0.0001972257,0.017729253,0.06351436,0.0,0.0,0.0,0.0,0.0,0.0
1838730364,-0.09811211,-0.0949378,0.034881204,-0.027374268,0.054351807,0.09918594,-0.0016281232,0.002519533,0.006574005,-0.035837293,0.0,0.0,0.0,0.0,0.0,0.26290345,0.262928,0.57134265,0.5196533,0.5196659,4.055861,0.0025101423,0.0025103223,0.002509731,0.09014668,0.0,0.0,0.0,0.0,0.0,0.00048502395,0.0034210756,0.011815743,0.0,0.0,0.0,0.0,0.0,0.0
1838930464,-0.13513994,-0.1519947,-0.024039645,-0.043563843,0.048553467,0.41025925,-0.0016281232,0.002519533,0.006574005,0.06487644,0.0,0.0,0.0,0.0,0.0,0.26288685,0.26291463,0.5713533,0.5196883,0.5197041,4.055664,0.0025101423,0.0025103223,0.002509731,0.0901467,0.0,0.0,0.0,0.0,0.0,0.00038070837,0.0076973992,0.018215498,0.0,0.0,0.0,0.0,0.0,0.0
1839131198,0.030124187,-0.039090157,-0.031373713,-0.06655884,-0.013305664,0.65047073,-0.0016281232,0.002519533,0.006574005,0.047460794,0.0,0.0,0.0,0.0,0.0,0.26285064,0.26287818,0.571335,0.5193635,0.51938164,4.0557137,0.0025101423,0.0025103223,0.002509731,0.09014654,0.0,0.0,0.0,0.0,0.0,0.000456296,0.00620876,0.021416677,0.0,0.0,0.0,0.0,0.0,0.0
1839332103,-0.12751126,0.041594505,0.018741624,-0.050445557,0.055419922,0.058330536,-0.0016281232,0.002519533,0.006574005,0.032295108,0.0,0.0,0.0,0.0,0.0,0.26297373,0.2629946,0.5713765,0.52113825,0.5211594,4.056036,0.0025101423,0.0025103223,0.002509731,0.09014656,0.0,0.0,0.0,0.0,0.0,0.0005611854,0.0055176876,0.011354705,0.0,0.0,0.0,0.0,0.0,0.0
1839536804,-0.046107054,-0.06365347,-0.044174016,-0.07368469,-0.006164551,-0.7878609,-0.0016281232,0.002519533,0.006574005,-0.043635488,0.0,0.0,0.0,0.0,0.0,0.26296082,0.2629752,0.5714287,0.52087116,0.52089393,4.0560718,0.0025101423,0.0025103223,0.002509731,0.09014655,0.0,0.0,0.0,0.0,0.0,0.00026473994,0.0057130274,0.015154989,0.0,0.0,0.0,0.0,0.0,0.0
1839736629,-0.014447212,-0.049889088,-0.0597134,-0.0677948,-0.002319336,1.3305397,-0.0016281232,0.002519533,0.006574005,0.055689692,0.0,0.0,0.0,0.0,0.0,0.26304275,0.26305342,0.57143855,0.51958185,0.51960576,4.0561137,0.0025101423,0.0025103223,0.002509731,0.090146475,0.0,0.0,0.0,0.0,0.0,0.00019847276,0.0026520623,0.011533626,0.0,0.0,0.0,0.0,0.0,0.0
1839941586,-0.033965826,-0.01859808,-0.039069816,-0.059005737,0.0034484863,0.19453049,-0.0016281232,0.002519533,0.006574005,0.05257404,0.0,0.0,0.0,0.0,0.0,0.26308194,0.2630929,0.5714477,0.5183129,0.51833725,4.0561185,0.0025101423,0.0025103223,0.002509731,0.09014647,0.0,0.0,0.0,0.0,0.0,0.0002101777,0.004491839,0.01835196,0.0,0.0,0.0,0.0,0.0,0.0
1840142504,-0.086449385,-0.070115566,-0.029836453,-0.06645203,0.012969971,0.40101242,-0.0016281232,0.002519533,0.006574005,0.043081164,0.0,0.0,0.0,0.0,0.0,0.26312235,0.26313865,0.57145447,0.5197385,0.5197629,4.0564184,0.0025101423,0.0025103223,0.002509731,0.090146385,0.0,0.0,0.0,0.0,0.0,0.0002576679,0.006503932,0.01972513,0.0,0.0,0.0,0.0,0.0,0.0
1840342225,-0.027418852,-0.043893337,-0.042824194,-0.034820557,0.058288574,0.51223373,-0.0016281232,0.002519533,0.006574005,0.06672251,0.0,0.0,0.0,0.0,0.0,0.26323232,0.26325423,0.57141525,0.5201271,0.5201518,4.0563073,0.0025101423,0.0025103223,0.002509731,0.090146385,0.0,0.0,0.0,0.0,0.0,0.00038877924,0.010360665,0.034382403,0.0,0.0,0.0,0.0,0.0,0.0
1840543295,-0.07674146,-0.014672279,-0.02497748,-0.058395386,0.03994751,-1.0086098,-0.0016281232,0.002519533,0.006574005,-0.0028933287,0.0,0.0,0.0,0.0,0.0,0.2631923,0.26321927,0.5714883,0.520003,0.5200276,4.0563035,0.0025101423,0.0025103223,0.002509731,0.09014631,0.0,0.0,0.0,0.0,0.0,0.00045895294,0.012293613,0.041873865,0.0,0.0,0.0,0.0,0.0,0.0
1840743816,-0.043470144,-0.060545444,-0.003917232,-0.09072876,-0.074035645,-0.63991165,-0.0016281232,0.002519533,0.006574005,-0.052001476,0.0,0.0,0.0,0.0,0.0,0.26307642,0.26310724,0.5714352,0.5207596,0.52078384,4.056071,0.0025101423,0.0025103223,0.002509731,0.090146594,0.0,0.0,0.0,0.0,0.0,0.0002797114,0.011470808,0.039480668,0.0,0.0,0.0,0.0,0.0,0.0
1840944870,-0.034041643,0.0107245445,0.032187298,-0.048843384,0.025939941,-0.8391533,-0.0016281232,0.002519533,0.006574005,0.0033416748,0.0,0.0,0.0,0.0,0.0,0.26312354,0.2631545,0.57142323,0.52140445,0.52142996,4.0559998,0.0025101423,0.0025103223,0.002509731,0.0901466,0.0,0.0,0.0,0.0,0.0,0.0003264154,0.012421712,0.04274621,0.0,0.0,0.0,0.0,0.0,0.0
1841148844,-0.02465415,-0.069304466,0.11775467,-0.043823242,0.016540527,-0.7123985,-0.0016281232,0.002519533,0.006574005,-0.021620393,0.0,0.0,0.0,0.0,0.0,0.2631298,0.2631569,0.5714322,0.52143335,0.5214589,4.0558033,0.0025101423,0.0025103223,0.002509731,0.09014653,0.0,0.0,0.0,0.0,0.0,0.00028109396,0.0059784558,0.025019245,0.0,0.0,0.0,0.0,0.0,0.0
1841349410,-0.06558204,-0.047400475,0.04645884,-0.048583984,0.009063721,0.5076027,-0.0016281232,0.002519533,0.006574005,0.007457137,0.0,0.0,0.0,0.0,0.0,0.2631943,0.26321787,0.57144225,0.5215009,0.5215263,4.0561075,0.0025101423,0.0025103223,0.002509731,0.09014652,0.0,0.0,0.0,0.0,0.0,0.000193403,0.0016017263,0.003099009,0.0,0.0,0.0,0.0,0.0,0.0
1841550493,0.023091555,-0.048101425,0.056399684,-0.0390625,0.008026123,-0.10200882,-0.0016281232,0.002519533,0.006574005,-0.054326534,0.0,0.0,0.0,0.0,0.0,0.26327467,0.2632937,0.5714524,0.521568,0.5215928,4.0561705,0.0025101423,0.0025103223,0.002509731,0.09014648,0.0,0.0,0.0,0.0,0.0,0.0002953185,0.0047410782,0.0118547045,0.0,0.0,0.0,0.0,0.0,0.0
1841754372,0.011929035,-0.10173273,0.06472948,-0.041152954,0.012573242,-0.34132004,-0.0016281232,0.002519533,0.006574005,0.019009948,0.0,0.0,0.0,0.0,0.0,0.26332316,0.26334018,0.5714616,0.52300364,0.5230274,4.0559945,0.0025101423,0.0025103223,0.002509731,0.090147085,0.0,0.0,0.0,0.0,0.0,0.00019773656,0.004259711,0.009671352,0.0,0.0,0.0,0.0,0.0,0.0
1841955027,0.0067362785,-0.0393095,0.06646002,-0.04168701,0.006011963,0.06699753,-0.0016281232,0.002519533,0.006574005,0.05971825,0.0,0.0,0.0,0.0,0.0,0.26332727,0.26334283,0.571471,0.52305007,0.5230729,4.0560684,0.0025101423,0.0025103223,0.002509731,0.09014707,0.0,0.0,0.0,0.0,0.0,0.00018424574,0.006832797,0.022109922,0.0,0.0,0.0,0.0,0.0,0.0
1842156031,0.053715467,-0.019814014,0.053579025,-0.06008911,-0.03765869,-0.1746254,-0.0016281232,0.002519533,0.006574005,0.030846834,0.0,0.0,0.0,0.0,0.0,0.2632851,0.26330116,0.5714513,0.5227878,0.52280927,4.056113,0.0025101423,0.0025103223,0.002509731,0.0901466,0.0,0.0,0.0,0.0,0.0,0.00019981606,0.008023198,0.026103204,0.0,0.0,0.0,0.0,0.0,0.0
1842360619,0.012007713,-0.01894188,0.02950995,-0.04600525,0.005554199,-0.33099747,-0.0016281232,0.002519533,0.006574005,-0.03766513,0.0,0.0,0.0,0.0,0.0,0.26335746,0.26337397,0.5714833,0.52306676,0.523087,4.0560446,0.0025101423,0.0025103223,0.002509731,0.090146765,0.0,0.0,0.0,0.0,0.0,0.00012591224,0.008386652,0.027785765,0.0,0.0,0.0,0.0,0.0,0.0
1842560629,0.054365635,-0.03803873,0.043757685,-0.049713135,-0.05102539,-0.16872025,-0.0016281232,0.002519533,0.006574005,0.0654341,0.0,0.0,0.0,0.0,0.0,0.2632882,0.26330662,0.5714624,0.5227712,0.52278996,4.056119,0.0025101423,0.0025103223,0.002509731,0.09014664,0.0,0.0,0.0,0.0,0.0,0.00013704994,0.0053909267,0.013903748,0.0,0.0,0.0,0.0,0.0,0.0
1842761409,0.080840826,-0.016160011,-0.011961937,-0.041229248,-0.02923584,-0.37399673,-0.0016281232,0.002519533,0.006574005,0.018628001,0.0,0.0,0.0,0.0,0.0,0.263272,0.26329294,0.5714705,0.5242421,0.52426004,4.0561614,0.0025101423,0.0025103223,0.002509731,0.09014657,0.0,0.0,0.0,0.0,0.0,0.00029620764,0.0069815177,0.01609032,0.0,0.0,0.0,0.0,0.0,0.0
1842966187,0.034188747,-0.056265354,0.025642004,-0.04107666,-0.025054932,-0.289608,-0.0016281232,0.002519533,0.006574005,0.047073603,0.0,0.0,0.0,0.0,0.0,0.26327536,0.26329845,0.5714781,0.52435195,0.5243697,4.056232,0.0025101423,0.0025103223,0.002509731,0.09014667,0.0,0.0,0.0,0.0,0.0,0.00025543966,0.0052555,0.010736835,0.0,0.0,0.0,0.0,0.0,0.0
1843166540,0.0032207966,-0.016387463,0.07740766,-0.06135559,-0.019744873,0.95568466,-0.0016281232,0.002519533,0.006574005,0.053150535,0.0,0.0,0.0,0.0,0.0,0.26329786,0.2633221,0.57148534,0.5244433,0.5244614,4.056025,0.0025101423,0.0025103223,0.002509731,0.0901467,0.0,0.0,0.0,0.0,0.0,0.00013024417,0.0026746343,0.0058894427,0.0,0.0,0.0,0.0,0.0,0.0
1843367236,0.06670475,0.016036987,-0.070417106,-0.05432129,-0.009429932,-0.16954422,-0.0016281232,0.002519533,0.006574005,0.08877933,0.0,0.0,0.0,0.0,0.0,0.26330468,0.26332837,0.5714921,0.5244932,0.5245118,4.0561275,0.0025101423,0.0025103223,0.002509731,0.09014681,0.0,0.0,0.0,0.0,0.0,0.00013234607,0.00911738,0.02671703,0.0,0.0,0.0,0.0,0.0,0.0
1843571804,0.115540504,-0.067340374,0.13948089,-0.008712769,0.04547119,-1.2639427,-0.0016281232,0.002519533,0.006574005,-0.0052821636,0.0,0.0,0.0,0.0,0.0,0.26337987,0.26340458,0.5714586,0.5235452,0.5235647,4.056179,0.0025101423,0.0025103223,0.002509731,0.09014694,0.0,0.0,0.0,0.0,0.0,0.00042000986,0.009637588,0.02958785,0.0,0.0,0.0,0.0,0.0,0.0
1843772829,0.12306738,-0.045868874,0.086424656,-0.026123047,-0.011871338,-0.75364304,-0.0016281232,0.002519533,0.006574005,0.041876435,0.0,0.0,0.0,0.0,0.0,0.26329407,0.26331854,0.57151043,0.52320766,0.5232275,4.055986,0.0025101423,0.0025103223,0.002509731,0.090146974,0.0,0.0,0.0,0.0,0.0,0.00053617737,0.008504214,0.020432113,0.0,0.0,0.0,0.0,0.0,0.0
1843973645,0.037181616,-0.00028181076,-0.024436329,-0.03781128,-0.010375977,-0.3482933,-0.0016281232,0.002519533,0.006574005,0.026968598,0.0,0.0,0.0,0.0,0.0,0.2632677,0.2632923,0.5714472,0.5218514,0.521872,4.055857,0.0025101423,0.0025103223,0.002509731,0.090147056,0.0,0.0,0.0,0.0,0.0,0.0008380556,0.005430441,0.01178913,0.0,0.0,0.0,0.0,0.0,0.0
1844177658,0.05479765,-0.06480646,0.056739006,-0.017318726,-0.012420654,0.06229019,-0.0016281232,0.002519533,0.006574005,0.013712406,0.0,0.0,0.0,0.0,0.0,0.26326215,0.2632856,0.57146055,0.52187103,0.5218923,4.0559635,0.0025101423,0.0025103223,0.002509731,0.090147085,0.0,0.0,0.0,0.0,0.0,0.00070882856,0.006279626,0.0172995,0.0,0.0,0.0,0.0,0.0,0.0
1844378712,0.06114936,-0.07115173,0.033191886,-0.007507324,-0.013580322,0.27804184,-0.0016281232,0.002519533,0.006574005,0.0996238,0.0,0.0,0.0,0.0,0.0,0.26326498,0.26328605,0.5714716,0.5205263,0.5205481,4.056048,0.0025101423,0.0025103223,0.002509731,0.090147026,0.0,0.0,0.0,0.0,0.0,0.00018195782,0.011588145,0.037477553,0.0,0.0,0.0,0.0,0.0,0.0
1844583298,0.07444358,-0.02564001,0.030130044,0.05088806,0.09561157,-0.17264938,-0.0016281232,0.002519533,0.006574005,0.014263511,0.0,0.0,0.0,0.0,0.0,0.2633856,0.2634046,0.57146865,0.52119887,0.5212216,4.0561457,0.0025101423,0.0025103223,0.002509731,0.09014698,0.0,0.0,0.0,0.0,0.0,0.0006664255,0.0090173315,0.029467413,0.0,0.0,0.0,0.0,0.0,0.0
1844787018,0.054739714,-0.021671295,0.063095585,0.011749268,-0.02633667,-0.5800209,-0.0016281232,0.002519533,0.006574005,-0.06375015,0.0,0.0,0.0,0.0,0.0,0.26325613,0.26327357,0.5714904,0.5217586,0.5217804,4.0562363,0.0025101423,0.0025103223,0.002509731,0.09014693,0.0,0.0,0.0,0.0,0.0,0.0004704682,0.005154755,0.016514635,0.0,0.0,0.0,0.0,0.0,0.0
1844988026,0.074227095,-0.028922558,0.04079759,0.040374756,-0.027801514,-0.8900032,-0.0016281232,0.002519533,0.006574005,-0.007986784,0.0,0.0,0.0,0.0,0.0,0.26327705,0.26329356,0.571499,0.5217896,0.52181095,4.056058,0.0025101423,0.0025103223,0.002509731,0.09014691,0.0,0.0,0.0,0.0,0.0,0.00020430335,0.0050387587,0.012171572,0.0,0.0,0.0,0.0,0.0,0.0
1845188854,0.028946877,-0.013582706,-0.003911309,0.016281128,-0.039916992,0.10368729,-0.0016281232,0.002519533,0.006574005,0.06739545,0.0,0.0,0.0,0.0,0.0,0.26315597,0.26317272,0.57149917,0.5229989,0.5230196,4.056021,0.0025101423,0.0025103223,0.002509731,0.09014702,0.0,0.0,0.0,0.0,0.0,0.000644485,0.0058894185,0.020405658,0.0,0.0,0.0,0.0,0.0,0.0
1845389740,0.014573336,0.066690445,0.044005185,0.028579712,-0.017547607,-0.061885834,-0.0016281232,0.002519533,0.006574005,0.10315657,0.0,0.0,0.0,0.0,0.0,0.26311746,0.26313606,0.5715047,0.52437687,0.524397,4.05612,0.0025101423,0.0025103223,0.002509731,0.090147056,0.0,0.0,0.0,0.0,0.0,0.0002561938,0.003969162,0.009806559,0.0,0.0,0.0,0.0,0.0,0.0
1845589671,0.089401245,0.023540497,0.06436613,0.050827026,0.0005493164,1.5648155,-0.0016281232,0.002519533,0.006574005,0.020328403,0.0,0.0,0.0,0.0,0.0,0.2631235,0.26314458,0.57151157,0.52716875,0.52718836,4.0560894,0.0025101423,0.0025103223,0.002509731,0.090146996,0.0,0.0,0.0,0.0,0.0,0.00028879096,0.0060856654,0.018018562,0.0,0.0,0.0,0.0,0.0,0.0
1845794414,-6.41346e-05,-0.0020570755,-0.016172629,0.038024902,0.028747559,1.3768883,-0.0016281232,0.002519533,0.006574005,-0.11898422,0.0,0.0,0.0,0.0,0.0,0.26317108,0.26319402,0.57147,0.5274222,0.52744156,4.055897,0.0025101423,0.0025103223,0.002509731,0.09014697,0.0,0.0,0.0,0.0,0.0,0.00010980157,0.007966326,0.027159985,0.0,0.0,0.0,0.0,0.0,0.0
1845995222,0.04776144,0.019808292,0.040582612,0.026611328,0.028778076,0.33336258,-0.0016281232,0.002519533,0.006574005,0.04224348,0.0,0.0,0.0,0.0,0.0,0.26320237,0.26322508,0.5714786,0.5274795,0.52749866,4.0560007,0.0025101423,0.0025103223,0.002509731,0.09014704,0.0,0.0,0.0,0.0,0.0,0.000120883065,0.0067375153,0.021974543,0.0,0.0,0.0,0.0,0.0,0.0
1846195265,0.053221703,0.03243637,0.062897846,0.024414062,0.027770996,0.17763138,-0.0016281232,0.002519533,0.006574005,0.034534812,0.0,0.0,0.0,0.0,0.0,0.2631785,0.26320204,0.5714842,0.52612525,0.5261441,4.0560994,0.0025101423,0.0025103223,0.002509731,0.09014711,0.0,0.0,0.0,0.0,0.0,0.00014407746,0.0045339903,0.010114382,0.0,0.0,0.0,0.0,0.0,0.0
1846396017,0.09718919,0.030426025,-0.08125664,0.048980713,0.022583008,-1.4653664,-0.0016281232,0.002519533,0.006574005,-0.06496978,0.0,0.0,0.0,0.0,0.0,0.2631725,0.26319736,0.5714879,0.52614665,0.5261653,4.0561533,0.0025101423,0.0025103223,0.002509731,0.09014802,0.0,0.0,0.0,0.0,0.0,0.00023729887,0.0055476245,0.016208787,0.0,0.0,0.0,0.0,0.0,0.0
1846596796,0.033824444,-0.054588795,0.030358486,0.05406189,0.03213501,0.05702591,-0.0016281232,0.002519533,0.006574005,0.037063956,0.0,0.0,0.0,0.0,0.0,0.26320916,0.2632334,0.57149047,0.52753836,0.52755743,4.056228,0.0025101423,0.0025103223,0.002509731,0.09014781,0.0,0.0,0.0,0.0,0.0,0.00019688351,0.0024995366,0.008468549,0.0,0.0,0.0,0.0,0.0,0.0
1846796671,0.023834705,0.038497448,0.020909503,0.047317505,0.0335083,-0.16880417,-0.0016281232,0.002519533,0.006574005,0.009144306,0.0,0.0,0.0,0.0,0.0,0.2632594,0.26328218,0.57149094,0.52758217,0.52760184,4.0562997,0.0025101423,0.0025103223,0.002509731,0.09014772,0.0,0.0,0.0,0.0,0.0,0.000537528,0.0109103145,0.035740223,0.0,0.0,0.0,0.0,0.0,0.0
1847001658,-0.013525009,-0.018218994,0.06739351,0.039398193,0.031097412,-0.75967026,-0.0016281232,0.002519533,0.006574005,0.047382712,0.0,0.0,0.0,0.0,0.0,0.2631982,0.263223,0.57148767,0.528955,0.528975,4.056257,0.0025101423,0.0025103223,0.002509731,0.09014797,0.0,0.0,0.0,0.0,0.0,0.00011489999,0.01515675,0.05099405,0.0,0.0,0.0,0.0,0.0,0.0
1847202481,-0.0016429424,-0.011826992,-0.029565334,0.013885498,0.0020751953,-0.5063515,-0.0016281232,0.002519533,0.006574005,-0.04675901,0.0,0.0,0.0,0.0,0.0,0.26314256,0.26317573,0.5714783,0.5301992,0.53021973,4.056297,0.0025101423,0.0025103223,0.002509731,0.09014744,0.0,0.0,0.0,0.0,0.0,0.0008721695,0.009673293,0.034382045,0.0,0.0,0.0,0.0,0.0,0.0
1847403327,-0.05821371,-0.05257988,0.09208621,0.0028839111,0.00061035156,-0.23628616,-0.0016281232,0.002519533,0.006574005,-0.059262156,0.0,0.0,0.0,0.0,0.0,0.26311633,0.26315314,0.5714785,0.5316427,0.5316637,4.0563574,0.0025101423,0.0025103223,0.002509731,0.09014725,0.0,0.0,0.0,0.0,0.0,0.00019827856,0.004486877,0.014413461,0.0,0.0,0.0,0.0,0.0,0.0
1847607026,0.0061781406,-0.009186745,0.059687585,0.009521484,0.0027160645,-0.35263443,-0.0016281232,0.002519533,0.006574005,0.008643389,0.0,0.0,0.0,0.0,0.0,0.26315254,0.26319015,0.5714767,0.5330676,0.5330896,4.056408,0.0025101423,0.0025103223,0.002509731,0.09014712,0.0,0.0,0.0,0.0,0.0,0.00013992931,0.009135469,0.031522032,0.0,0.0,0.0,0.0,0.0,0.0
1847808191,0.06373,-0.06611967,0.04417725,0.027755737,0.0031433105,-0.34822464,-0.0016281232,0.002519533,0.006574005,0.1041919,0.0,0.0,0.0,0.0,0.0,0.2631861,0.2632231,0.571476,0.53453755,0.5345608,4.056456,0.0025101423,0.0025103223,0.002509731,0.09014705,0.0,0.0,0.0,0.0,0.0,0.00055546203,0.010456789,0.0362988,0.0,0.0,0.0,0.0,0.0,0.0
1848008854,0.0692122,-0.06852865,0.011278013,0.030548096,-0.064086914,0.50971603,-0.0016281232,0.002519533,0.006574005,-0.059628725,0.0,0.0,0.0,0.0,0.0,0.263165,0.2631995,0.5714466,0.5343027,0.5343266,4.056484,0.0025101423,0.0025103223,0.002509731,0.09014712,0.0,0.0,0.0,0.0,0.0,0.00073555595,0.0051217047,0.013976584,0.0,0.0,0.0,0.0,0.0,0.0
1848209669,0.022932768,-0.007814407,0.09907716,0.030029297,-0.054718018,1.012577,-0.0016281232,0.002519533,0.006574005,0.0433017,0.0,0.0,0.0,0.0,0.0,0.2632173,0.26325026,0.5714463,0.5357894,0.5358143,4.056262,0.0025101423,0.0025103223,0.002509731,0.09014706,0.0,0.0,0.0,0.0,0.0,0.00026402474,0.004452174,0.011414097,0.0,0.0,0.0,0.0,0.0,0.0
1848413607,-0.073218346,-0.08446598,0.036116824,0.047058105,-0.05493164,-0.34544754,-0.0152326,0.016426176,0.0019198358,0.0078060627,0.0,0.0,0.0,0.0,0.0,0.26329574,0.26332608,0.57144874,0.5359339,0.5359596,4.0563316,0.0025571655,0.0025947676,0.0026867692,0.090147085,0.0,0.0,0.0,0.0,0.0,0.0002107662,0.008573908,0.018979156,0.0,0.0,0.0,0.0,0.0,0.0
1848614237,0.08827472,-0.028002262,0.10016343,0.07450867,-0.02923584,-0.19826889,-0.028699264,0.009857595,0.04153931,0.0078060627,0.0,0.0,0.0,0.0,0.0,0.263386,0.26339853,0.57145405,0.5346224,0.53464687,4.0563526,0.0025491132,0.0025694063,0.0026112008,0.090147085,0.0,0.0,0.0,0.0,0.0,0.0035334707,0.0127645815,0.01927644,0.0,0.0,0.0,0.0,0.0,0.0
1848815408,0.07565713,-0.044754505,0.03708166,0.094192505,0.029296875,0.99412155,0.016114444,-0.014004514,-0.013379395,0.0078060627,0.0,0.0,0.0,0.0,0.0,0.26364747,0.26361734,0.5714579,0.5305495,0.53055704,4.0565324,0.0025456399,0.0025548246,0.0025821372,0.090147085,0.0,0.0,0.0,0.0,0.0,0.0024774307,0.007396606,0.021660216,0.0,0.0,0.0,0.0,0.0,0.0
1849016060,0.11628723,-0.04978037,0.0052164793,0.09957886,0.008361816,-0.49526596,0.00784722,-0.02445507,-0.04722327,0.0078060627,0.0,0.0,0.0,0.0,0.0,0.26385194,0.2637936,0.5714547,0.5304625,0.53045166,4.0565658,0.0025421418,0.0025466038,0.002567214,0.090147085,0.0,0.0,0.0,0.0,0.0,0.0008438733,0.0110073015,0.023263229,0.0,0.0,0.0,0.0,0.0,0.0
1849219803,0.053409338,-0.02567339,0.06805372,0.058639526,-0.07626343,0.20969772,-0.006301567,-0.011160791,-0.00443092,0.0078060627,0.0,0.0,0.0,0.0,0.0,0.2638041,0.26373464,0.5714704,0.52852416,0.52849835,4.0565977,0.0025379506,0.002539784,0.0025544881,0.090147085,0.0,0.0,0.0,0.0,0.0,0.0012942003,0.013100152,0.03243815,0.0,0.0,0.0,0.0,0.0,0.0
1849420777,0.09001064,0.04434061,0.0640924,0.1421814,0.08639526,-0.45664597,0.008021861,-0.0006995648,-0.008022904,0.0078060627,0.0,0.0,0.0,0.0,0.0,0.26406515,0.26396996,0.57148534,0.5297222,0.5296762,4.056577,0.0025350545,0.0025363474,0.0025467242,0.090147085,0.0,0.0,0.0,0.0,0.0,0.00079926284,0.0130838845,0.036547054,0.0,0.0,0.0,0.0,0.0,0.0
1849621648,0.13974953,-0.062368393,0.04368913,0.11584473,0.041412354,0.15527725,0.0060296804,-0.016389057,-0.017962992,0.0078060627,0.0,0.0,0.0,0.0,0.0,0.26414698,0.26401037,0.571527,0.52937144,0.5293105,4.056582,0.0025325897,0.0025339704,0.0025411206,0.090147085,0.0,0.0,0.0,0.0,0.0,0.0009772822,0.015911521,0.03759004,0.0,0.0,0.0,0.0,0.0,0.0
1849825603,0.06531358,0.04479599,0.05767691,0.14097595,0.05319214,1.3169746,0.0030572116,-0.018302336,-0.03292498,0.0078060627,0.0,0.0,0.0,0.0,0.0,0.26434448,0.2642029,0.5714546,0.5294543,0.52937686,4.0565023,0.0025305946,0.0025308973,0.0025363602,0.090147085,0.0,0.0,0.0,0.0,0.0,0.0011273024,0.011117404,0.018142238,0.0,0.0,0.0,0.0,0.0,0.0
1850026377,0.070957184,0.12630749,0.09556162,0.1532898,0.056884766,0.37685013,-0.008178771,-0.003546819,0.01469478,0.0078060627,0.0,0.0,0.0,0.0,0.0,0.2644906,0.26444918,0.57145536,0.5293661,0.5292774,4.056543,0.0025290542,0.0025279399,0.0025328335,0.090147085,0.0,0.0,0.0,0.0,0.0,0.0012293449,0.011630116,0.022041805,0.0,0.0,0.0,0.0,0.0,0.0
1850227241,0.07286835,0.080871105,0.16103232,0.23368835,0.09838867,-0.8886223,-0.015423924,-0.014027953,0.03904414,0.0078060627,0.0,0.0,0.0,0.0,0.0,0.2647326,0.26495507,0.5715037,0.5270845,0.5269958,4.056275,0.00252723,0.0025253934,0.0025299361,0.090147085,0.0,0.0,0.0,0.0,0.0,0.0012230318,0.012260683,0.027885174,0.0,0.0,0.0,0.0,0.0,0.0
1850432046,0.11733103,0.095461845,0.1688093,0.32125854,0.13113403,-0.5833397,-0.0013578236,0.0018470883,0.001327008,0.0078060627,0.0,0.0,0.0,0.0,0.0,0.26483542,0.26543263,0.5714822,0.5233292,0.5232686,4.056194,0.0025243198,0.0025228607,0.0025267005,0.090147085,0.0,0.0,0.0,0.0,0.0,0.001321545,0.016062647,0.040497877,0.0,0.0,0.0,0.0,0.0,0.0
1850632015,0.11819363,0.12404394,0.16733384,0.41853333,0.19781494,-0.13957596,-0.010682806,-0.003660038,-0.0031020641,0.0078060627,0.0,0.0,0.0,0.0,0.0,0.26498008,0.2659365,0.5715637,0.51971126,0.51971465,4.0567713,0.0025221363,0.0025212276,0.0025244541,0.090147085,0.0,0.0,0.0,0.0,0.0,0.0013885759,0.019014416,0.048214965,0.0,0.0,0.0,0.0,0.0,0.0
1850837153,-0.05574274,0.1790123,0.18077457,0.26400757,0.11373901,0.44722366,-0.009742945,-0.0058347583,0.032956183,0.0078060627,0.0,0.0,0.0,0.0,0.0,0.26474214,0.2658396,0.5715581,0.5157601,0.5158273,4.056978,0.0025204597,0.0025198837,0.0025225407,0.090147085,0.0,0.0,0.0,0.0,0.0,0.0010356472,0.015065506,0.037488014,0.0,0.0,0.0,0.0,0.0,0.0
1851037392,-0.071345806,0.20652604,0.13634717,0.21620178,0.11172485,-0.116794586,0.0043403506,-0.02450297,-0.028758705,0.0078060627,0.0,0.0,0.0,0.0,0.0,0.26474762,0.2658635,0.57160145,0.5099655,0.51011616,4.0572405,0.002519239,0.0025189263,0.002521018,0.090147085,0.0,0.0,0.0,0.0,0.0,0.0009293188,0.014655691,0.03226543,0.0,0.0,0.0,0.0,0.0,0.0
1851238424,-0.20046473,0.15202427,0.0769248,0.2107544,0.16287231,-0.6164055,-0.014954582,0.0066249073,0.03370726,0.0078060627,0.0,0.0,0.0,0.0,0.0,0.2648336,0.2658565,0.5716139,0.5021944,0.5024426,4.056928,0.002518249,0.0025183656,0.00251986,0.090147085,0.0,0.0,0.0,0.0,0.0,0.00072922354,0.01578611,0.030978931,0.0,0.0,0.0,0.0,0.0,0.0
1851446480,-0.15708256,0.26456714,0.14033985,0.16392517,0.19506836,0.043247223,-0.003158167,0.0058265254,0.008720666,0.0078060627,0.0,0.0,0.0,0.0,0.0,0.26479056,0.26565018,0.5715917,0.49536103,0.49568307,4.0569553,0.002517187,0.0025178662,0.002518691,0.090147085,0.0,0.0,0.0,0.0,0.0,0.0011245451,0.017653491,0.03485306,0.0,0.0,0.0,0.0,0.0,0.0
1851647027,-0.14679146,0.10643959,0.08568239,0.11984253,0.20397949,-1.3366661,0.003928393,-0.0006025508,-0.012984276,0.0078060627,0.0,0.0,0.0,0.0,0.0,0.26471364,0.26539168,0.57156897,0.48851287,0.4888878,4.0569277,0.0025163346,0.0025175486,0.0025177863,0.090147085,0.0,0.0,0.0,0.0,0.0,0.0009174913,0.017569197,0.03913089,0.0,0.0,0.0,0.0,0.0,0.0
1851848020,-0.18331242,0.13675022,0.1616838,0.003921509,0.1807251,-1.1169472,-0.006123543,0.005124606,0.0044431984,0.0078060627,0.0,0.0,0.0,0.0,0.0,0.264515,0.2650281,0.57151526,0.48127475,0.48167318,4.056789,0.0025154634,0.002516869,0.0025167805,0.090147085,0.0,0.0,0.0,0.0,0.0,0.00086871383,0.017817957,0.039484344,0.0,0.0,0.0,0.0,0.0,0.0
1852047830,-0.25532484,0.082886696,0.16154456,-0.14709473,0.16351318,0.38939285,-0.004354179,0.009364881,0.007504314,0.0078060627,0.0,0.0,0.0,0.0,0.0,0.26422128,0.2644627,0.57144725,0.4684099,0.4688082,4.0567956,0.0025147886,0.0025162927,0.00251598,0.090147085,0.0,0.0,0.0,0.0,0.0,0.0013354113,0.04064908,0.08546475,0.0,0.0,0.0,0.0,0.0,0.0
1852252831,-0.25532484,0.082886696,0.16154456,-0.14709473,0.16351318,-1.4959145,-0.0035164952,0.0047450513,0.007373184,0.0078060627,0.0,0.0,0.0,0.0,0.0,0.26422128,0.2644627,0.57144725,0.4684099,0.4688082,4.056779,0.0025141416,0.0025156038,0.0025151616,0.090147085,0.0,0.0,0.0,0.0,0.0,0.00084912305,0.02159323,0.050653134,0.0,0.0,0.0,0.0,0.0,0.0
1852457774,-0.2050662,0.02368164,0.2008375,-0.19625854,0.16882324,0.23573685,-0.00896965,-0.0017624274,-0.01922381,0.0078060627,0.0,0.0,0.0,0.0,0.0,0.26409924,0.2641123,0.5715051,0.45868436,0.45903623,4.057034,0.0025135335,0.0025147873,0.002514379,0.090147085,0.0,0.0,0.0,0.0,0.0,0.0012520824,0.037188247,0.08562412,0.0,0.0,0.0,0.0,0.0,0.0
1852658538,-0.2050662,0.02368164,0.2008375,-0.19625854,0.16882324,-0.41230392,-0.0058306903,-0.0014180318,0.018252134,0.0078060627,0.0,0.0,0.0,0.0,0.0,0.26409924,0.2641123,0.5715051,0.45868436,0.45903623,4.057135,0.0025130701,0.0025140191,0.0025137318,0.090147085,0.0,0.0,0.0,0.0,0.0,0.000714163,0.019111233,0.05207188,0.0,0.0,0.0,0.0,0.0,0.0
1852858530,-0.28278208,0.015445471,0.13101721,-0.27809143,0.1685791,-0.22015762,0.0026154518,-0.018126205,-0.03961572,0.0078060627,0.0,0.0,0.0,0.0,0.0,0.2640432,0.2638727,0.57149196,0.44894168,0.44920084,4.056578,0.0025126396,0.0025133463,0.002513151,0.090147085,0.0,0.0,0.0,0.0,0.0,0.0014159462,0.04525801,0.10348371,0.0,0.0,0.0,0.0,0.0,0.0
1853063066,-0.16472244,-0.05552578,0.19441998,-0.28038025,0.15966797,-0.5132332,-0.002539143,-0.010292195,-0.0029661357,0.0078060627,0.0,0.0,0.0,0.0,0.0,0.26402143,0.2637985,0.57149214,0.4448494,0.44505122,4.056793,0.0025122333,0.0025127498,0.002512577,0.090147085,0.0,0.0,0.0,0.0,0.0,0.0012540974,0.038099658,0.090238154,0.0,0.0,0.0,0.0,0.0,0.0
1853269123,-0.23825932,-0.04294634,0.099057674,-0.20158386,0.2166748,0.1723671,-0.0024189502,-0.021724783,-0.007901579,0.0078060627,0.0,0.0,0.0,0.0,0.0,0.26410055,0.2638497,0.57147545,0.44146666,0.44160303,4.0569944,0.002511862,0.0025122277,0.0025120536,0.090147085,0.0,0.0,0.0,0.0,0.0,0.0011375694,0.037553478,0.0909719,0.0,0.0,0.0,0.0,0.0,0.0
1853468881,-0.26672316,-0.060962677,0.2289989,-0.21574402,0.20239258,-0.7209892,-0.0016004443,-0.0038257167,-0.024397701,0.0078060627,0.0,0.0,0.0,0.0,0.0,0.26402143,0.2637727,0.57147795,0.4385976,0.4386693,4.056964,0.0025115856,0.0025118536,0.0025116724,0.090147085,0.0,0.0,0.0,0.0,0.0,0.0011914462,0.036924735,0.08280465,0.0,0.0,0.0,0.0,0.0,0.0
1853672777,-0.15241623,-0.14436197,0.2856815,-0.27424622,0.15759277,-0.2706566,0.005265355,0.0033264458,-0.020770967,0.0078060627,0.0,0.0,0.0,0.0,0.0,0.26384902,0.2636228,0.5714551,0.43419322,0.43420887,4.05619,0.0025111611,0.0025114003,0.002511185,0.090147085,0.0,0.0,0.0,0.0,0.0,0.0011385108,0.032430336,0.07671765,0.0,0.0,0.0,0.0,0.0,0.0
1853873691,-0.16203642,-0.04643345,0.308998,-0.21575928,0.16168213,-0.79777145,-0.020517528,0.009919733,0.024527103,0.0078060627,0.0,0.0,0.0,0.0,0.0,0.2637963,0.26359084,0.57148904,0.43170303,0.43166393,4.056923,0.0025108121,0.0025110922,0.0025108012,0.090147085,0.0,0.0,0.0,0.0,0.0,0.0012049193,0.02944918,0.06985192,0.0,0.0,0.0,0.0,0.0,0.0
1854074495,-0.12704659,-0.12922764,0.22444773,-0.26104736,0.11505127,0.5074043,-0.0191648,0.004949495,0.011408538,0.0078060627,0.0,0.0,0.0,0.0,0.0,0.26362,0.26343337,0.5715384,0.42857644,0.4284981,4.056931,0.0025104797,0.002510751,0.0025104112,0.090147085,0.0,0.0,0.0,0.0,0.0,0.0010751846,0.025593223,0.05976521,0.0,0.0,0.0,0.0,0.0,0.0
1854275205,-0.17150688,-0.14302015,0.2737751,-0.3488922,0.058044434,-0.7386894,-0.003582105,0.0054889843,-0.0159266,0.0078060627,0.0,0.0,0.0,0.0,0.0,0.26342008,0.2632451,0.571504,0.42536116,0.4252538,4.056477,0.00251017,0.0025103488,0.0025100291,0.090147085,0.0,0.0,0.0,0.0,0.0,0.0012596595,0.030675147,0.0706189,0.0,0.0,0.0,0.0,0.0,0.0
1854483313,-0.18063116,-0.13285875,0.20037735,-0.32769775,0.052246094,-0.5277977,0.012137547,-0.00881312,-0.052981317,0.0078060627,0.0,0.0,0.0,0.0,0.0,0.26330557,0.26315492,0.57158065,0.42148465,0.42135078,4.056722,0.0025099043,0.0025100752,0.0025096992,0.090147085,0.0,0.0,0.0,0.0,0.0,0.001157378,0.028620765,0.06730463,0.0,0.0,0.0,0.0,0.0,0.0
1854684016,-0.13617945,-0.119550705,0.1692853,-0.31944275,0.032836914,-0.037639618,-0.008135602,-0.0027093217,0.022357374,0.0078060627,0.0,0.0,0.0,0.0,0.0,0.26314962,0.2630308,0.57158035,0.4199913,0.41984007,4.056665,0.0025097327,0.0025098447,0.0025094554,0.090147085,0.0,0.0,0.0,0.0,0.0,0.0010628264,0.026121667,0.063255794,0.0,0.0,0.0,0.0,0.0,0.0
1854884578,-0.08251619,-0.168962,0.1783989,-0.19926453,0.094177246,0.14091873,0.017725661,-0.0048614517,-0.018884629,0.0078060627,0.0,0.0,0.0,0.0,0.0,0.26313248,0.2630456,0.57156724,0.4179628,0.41779625,4.05664,0.0025095374,0.0025095849,0.0025091646,0.090147085,0.0,0.0,0.0,0.0,0.0,0.0007402064,0.01859802,0.043904215,0.0,0.0,0.0,0.0,0.0,0.0
1855084864,-0.09094095,-0.1897006,0.20063108,-0.20089722,0.079711914,-0.28303146,0.00078979135,-0.0037257373,0.004614055,0.02814442,0.0,0.0,0.0,0.0,0.0,0.26296437,0.2629095,0.57156944,0.4152174,0.4150511,4.056611,0.0025094573,0.0025095022,0.0025090207,0.0901807,0.0,0.0,0.0,0.0,0.0,0.0007472578,0.017603362,0.038338363,0.0,0.0,0.0,0.0,0.0,0.0
1855289633,-0.07722092,-0.1254425,0.2361573,-0.20062256,0.058898926,-0.227314,0.00078979135,-0.0037257373,0.004614055,0.035426497,0.0,0.0,0.0,0.0,0.0,0.2628131,0.26278785,0.5715686,0.4124501,0.41229182,4.0565515,0.0025094573,0.0025095022,0.0025090207,0.09017936,0.0,0.0,0.0,0.0,0.0,0.00079554773,0.01362884,0.030105116,0.0,0.0,0.0,0.0,0.0,0.0
1855490450,-0.07392645,-0.15062118,0.25510538,-0.19750977,0.04852295,-0.523304,0.00078979135,-0.0037257373,0.004614055,-0.023528576,0.0,0.0,0.0,0.0,0.0,0.26268423,0.26269695,0.5715705,0.4097285,0.4095836,4.0565305,0.0025094573,0.0025095022,0.0025090207,0.090178795,0.0,0.0,0.0,0.0,0.0,0.0005424443,0.013239265,0.028664196,0.0,0.0,0.0,0.0,0.0,0.0
1855690480,-0.07277727,-0.07694149,0.2573096,-0.2355957,0.018676758,-0.097789764,0.00078979135,-0.0037257373,0.004614055,0.03015834,0.0,0.0,0.0,0.0,0.0,0.26248446,0.26253673,0.5715455,0.4067064,0.4065804,4.0565267,0.0025094573,0.0025095022,0.0025090207,0.0901777,0.0,0.0,0.0,0.0,0.0,0.00055845757,0.01068077,0.025903568,0.0,0.0,0.0,0.0,0.0,0.0
1855891286,-0.042594433,-0.11406875,0.15794703,-0.21853638,0.0078125,0.1093483,0.00078979135,-0.0037257373,0.004614055,-0.0594607,0.0,0.0,0.0,0.0,0.0,0.26237857,0.26245788,0.5715505,0.40401435,0.40390918,4.0562935,0.0025094573,0.0025095022,0.0025090207,0.09017685,0.0,0.0,0.0,0.0,0.0,0.0006239618,0.01051404,0.027193137,0.0,0.0,0.0,0.0,0.0,0.0
1856092113,-0.0628767,-0.08756065,0.14155886,-0.21826172,0.008422852,0.040424347,0.00078979135,-0.0037257373,0.004614055,-0.11442137,0.0,0.0,0.0,0.0,0.0,0.2622979,0.26239493,0.5715582,0.40255064,0.40246767,4.056282,0.0025094573,0.0025095022,0.0025090207,0.09017588,0.0,0.0,0.0,0.0,0.0,0.0006266385,0.009945264,0.024515286,0.0,0.0,0.0,0.0,0.0,0.0
1856292613,-0.020963192,-0.16573453,0.120991156,-0.2000122,0.0028076172,0.32702255,0.00078979135,-0.0037257373,0.004614055,0.05708778,0.0,0.0,0.0,0.0,0.0,0.26225713,0.26237008,0.5715649,0.3999262,0.39986607,4.0562987,0.0025094573,0.0025095022,0.0025090207,0.09017518,0.0,0.0,0.0,0.0,0.0,0.0008428235,0.012642489,0.029591085,0.0,0.0,0.0,0.0,0.0,0.0
1856496844,0.04636526,-0.1996479,0.2904173,-0.07522583,0.042541504,0.43450546,0.00078979135,-0.0037257373,0.004614055,0.014033914,0.0,0.0,0.0,0.0,0.0,0.26231766,0.2624457,0.5715579,0.3990926,0.39905643,4.056319,0.0025094573,0.0025095022,0.0025090207,0.09017458,0.0,0.0,0.0,0.0,0.0,0.00069249404,0.017772228,0.040088564,0.0,0.0,0.0,0.0,0.0,0.0
1856697623,-0.03489828,-0.22069645,0.20705613,-0.11883545,-0.020751953,1.0607338,0.00078979135,-0.0037257373,0.004614055,0.034971118,0.0,0.0,0.0,0.0,0.0,0.26221362,0.26236254,0.5716045,0.39608914,0.39607534,4.0565753,0.0025094573,0.0025095022,0.0025090207,0.09017342,0.0,0.0,0.0,0.0,0.0,0.0004738524,0.020883974,0.050592415,0.0,0.0,0.0,0.0,0.0,0.0
1856898508,-0.019404888,-0.124959946,0.12315039,-0.09643555,-0.033813477,-0.12900162,0.00078979135,-0.0037257373,0.004614055,0.11670542,0.0,0.0,0.0,0.0,0.0,0.26219034,0.26234868,0.5716078,0.3946536,0.39466292,4.056551,0.0025094573,0.0025095022,0.0025090207,0.09017251,0.0,0.0,0.0,0.0,0.0,0.0005307031,0.02069246,0.05870594,0.0,0.0,0.0,0.0,0.0,0.0
1857103282,-0.02798605,-0.15227532,0.052030683,-0.1401062,-0.07354736,0.5380974,0.00078979135,-0.0037257373,0.004614055,-0.13220829,0.0,0.0,0.0,0.0,0.0,0.26211372,0.26226425,0.57158273,0.39178026,0.3918088,4.0563226,0.0025094573,0.0025095022,0.0025090207,0.09017178,0.0,0.0,0.0,0.0,0.0,0.00037884698,0.024079297,0.07744957,0.0,0.0,0.0,0.0,0.0,0.0
1857303408,-0.015351772,-0.13881302,0.034848586,-0.062072754,-0.04711914,-0.18577957,0.00078979135,-0.0037257373,0.004614055,0.018566847,0.0,0.0,0.0,0.0,0.0,0.26215744,0.26228797,0.5715495,0.39071193,0.3907591,4.0560966,0.0025094573,0.0025095022,0.0025090207,0.090171054,0.0,0.0,0.0,0.0,0.0,0.0004102043,0.015040872,0.04454727,0.0,0.0,0.0,0.0,0.0,0.0
1857503824,0.022257328,-0.14947605,0.25917238,-0.051330566,-0.05859375,0.11741257,0.00078979135,-0.0037257373,0.004614055,0.021666586,0.0,0.0,0.0,0.0,0.0,0.2621203,0.26222745,0.57156277,0.38929734,0.3893562,4.0559373,0.0025094573,0.0025095022,0.0025090207,0.09017013,0.0,0.0,0.0,0.0,0.0,0.00047151922,0.01595393,0.03929158,0.0,0.0,0.0,0.0,0.0,0.0
1857704804,-0.0016942024,-0.112110615,0.18167402,-0.092681885,-0.08526611,-0.23547745,0.00078979135,-0.0037257373,0.004614055,-0.003233254,0.0,0.0,0.0,0.0,0.0,0.26203176,0.262116,0.57154936,0.3888118,0.38887632,4.055741,0.0025094573,0.0025095022,0.0025090207,0.09016947,0.0,0.0,0.0,0.0,0.0,0.0005254868,0.0136114275,0.032739576,0.0,0.0,0.0,0.0,0.0,0.0
1857905428,0.015098572,-0.08929658,0.119107366,-0.073516846,-0.08203125,-0.05021286,0.00078979135,-0.0037257373,0.004614055,-0.08713782,0.0,0.0,0.0,0.0,0.0,0.2620164,0.2620756,0.57156897,0.3875218,0.3875887,4.0561175,0.0025094573,0.0025095022,0.0025090207,0.090168975,0.0,0.0,0.0,0.0,0.0,0.00037466642,0.013051594,0.033256255,0.0,0.0,0.0,0.0,0.0,0.0
1858105432,0.023149967,-0.12012339,0.08555017,-0.10812378,-0.09313965,0.20893478,0.00078979135,-0.0037257373,0.004614055,0.05805713,0.0,0.0,0.0,0.0,0.0,0.26200822,0.26205134,0.57157576,0.38609707,0.386162,4.0560665,0.0025094573,0.0025095022,0.0025090207,0.09016849,0.0,0.0,0.0,0.0,0.0,0.00044768455,0.012176301,0.029022072,0.0,0.0,0.0,0.0,0.0,0.0
1858306516,-0.00024080276,-0.08560991,0.12887317,-0.103027344,-0.09460449,0.29982376,0.00078979135,-0.0037257373,0.004614055,-0.039875567,0.0,0.0,0.0,0.0,0.0,0.26202884,0.26205614,0.5715897,0.38482013,0.38488004,4.055865,0.0025094573,0.0025095022,0.0025090207,0.090167925,0.0,0.0,0.0,0.0,0.0,0.0006275256,0.010053907,0.024271723,0.0,0.0,0.0,0.0,0.0,0.0
1858507013,-0.037706852,-0.09931779,0.09249943,-0.097839355,-0.091430664,-0.7944374,0.00078979135,-0.0037257373,0.004614055,-0.010692894,0.0,0.0,0.0,0.0,0.0,0.26206678,0.26207903,0.57160646,0.38358423,0.3836368,4.055962,0.0025094573,0.0025095022,0.0025090207,0.090167396,0.0,0.0,0.0,0.0,0.0,0.00050263037,0.00806482,0.021747433,0.0,0.0,0.0,0.0,0.0,0.0
1858707204,0.014891148,-0.055227757,0.15183824,-0.09994507,-0.107666016,-1.1231956,0.00078979135,-0.0037257373,0.004614055,-0.01808554,0.0,0.0,0.0,0.0,0.0,0.26206568,0.26207086,0.57161534,0.38336843,0.38341278,4.055928,0.0025094573,0.0025095022,0.0025090207,0.09016685,0.0,0.0,0.0,0.0,0.0,0.00053815165,0.00729178,0.02009362,0.0,0.0,0.0,0.0,0.0,0.0
1858908016,-0.03724909,-0.06759906,0.14936854,-0.0345459,-0.080566406,0.31113815,0.00078979135,-0.0037257373,0.004614055,0.013247073,0.0,0.0,0.0,0.0,0.0,0.26213366,0.2621308,0.57166016,0.38244197,0.38247815,4.0560274,0.0025094573,0.0025095022,0.0025090207,0.09016649,0.0,0.0,0.0,0.0,0.0,0.00040141572,0.0086809555,0.025698267,0.0,0.0,0.0,0.0,0.0,0.0
1859108851,-0.014733791,-0.07441735,0.1679394,-0.08605957,-0.11376953,0.06751633,0.00078979135,-0.0037257373,0.004614055,0.009103656,0.0,0.0,0.0,0.0,0.0,0.262124,0.26211894,0.571644,0.38092548,0.3809535,4.0560994,0.0025094573,0.0025095022,0.0025090207,0.09016621,0.0,0.0,0.0,0.0,0.0,0.00042008664,0.0069007776,0.017980618,0.0,0.0,0.0,0.0,0.0,0.0
1859309732,0.07499695,-0.08984518,0.123350665,-0.08224487,-0.10412598,0.24661636,0.00078979135,-0.0037257373,0.004614055,-0.023694098,0.0,0.0,0.0,0.0,0.0,0.26215824,0.26215133,0.5716607,0.37974238,0.37976277,4.0559726,0.0025094573,0.0025095022,0.0025090207,0.0901658,0.0,0.0,0.0,0.0,0.0,0.00061656773,0.008376168,0.019341093,0.0,0.0,0.0,0.0,0.0,0.0
1859514185,0.014385223,-0.04552722,0.10023068,-0.06967163,-0.09881592,0.065784454,0.00078979135,-0.0037257373,0.004614055,0.13165748,0.0,0.0,0.0,0.0,0.0,0.26217857,0.26217166,0.57160616,0.3785597,0.37857336,4.055827,0.0025094573,0.0025095022,0.0025090207,0.09016536,0.0,0.0,0.0,0.0,0.0,0.0007811006,0.006896557,0.015435327,0.0,0.0,0.0,0.0,0.0,0.0
1859714531,-0.03309059,-0.066720724,0.07026457,-0.0675354,-0.09240723,0.035495758,0.00078979135,-0.0037257373,0.004614055,0.018280208,0.0,0.0,0.0,0.0,0.0,0.2621881,0.2621796,0.5716275,0.3784924,0.3784998,4.0558333,0.0025094573,0.0025095022,0.0025090207,0.09016498,0.0,0.0,0.0,0.0,0.0,0.00036537801,0.005412893,0.013677088,0.0,0.0,0.0,0.0,0.0,0.0
1859914975,0.022353172,-0.009964943,0.04058344,-0.038146973,-0.076416016,-0.21133804,0.00078979135,-0.0037257373,0.004614055,-0.030518115,0.0,0.0,0.0,0.0,0.0,0.2622509,0.26224205,0.5716734,0.37861988,0.37862155,4.0559525,0.0025094573,0.0025095022,0.0025090207,0.090164505,0.0,0.0,0.0,0.0,0.0,0.00024144191,0.006436336,0.015652947,0.0,0.0,0.0,0.0,0.0,0.0
1860120005,-0.061285496,-0.016579151,0.08512621,-0.060638428,-0.07537842,-0.16506577,0.00078979135,-0.0037257373,0.004614055,-0.015531957,0.0,0.0,0.0,0.0,0.0,0.26223186,0.26222375,0.5716876,0.3772989,0.37729558,4.0557346,0.0025094573,0.0025095022,0.0025090207,0.09016427,0.0,0.0,0.0,0.0,0.0,0.0005192241,0.0040277364,0.010859499,0.0,0.0,0.0,0.0,0.0,0.0
1860320113,-0.009429932,-0.03342724,0.03322432,-0.056671143,-0.06616211,0.6993828,0.00078979135,-0.0037257373,0.004614055,-0.028712094,0.0,0.0,0.0,0.0,0.0,0.26225856,0.2622513,0.5717105,0.37728637,0.37727886,4.055894,0.0025094573,0.0025095022,0.0025090207,0.09016388,0.0,0.0,0.0,0.0,0.0,0.00025029047,0.0034388734,0.00876641,0.0,0.0,0.0,0.0,0.0,0.0
1860520850,-0.0033798218,0.014984846,0.008004254,-0.021820068,-0.020263672,-0.46139908,0.00078979135,-0.0037257373,0.004614055,-0.0065587163,0.0,0.0,0.0,0.0,0.0,0.26231983,0.26231343,0.5716854,0.3763968,0.37638587,4.056013,0.0025094573,0.0025095022,0.0025090207,0.09016357,0.0,0.0,0.0,0.0,0.0,0.00025026625,0.010817629,0.030233381,0.0,0.0,0.0,0.0,0.0,0.0
1860725433,0.048600674,0.00808382,0.088208586,-0.037261963,-0.024963379,-0.10695267,0.00078979135,-0.0037257373,0.004614055,0.017469704,0.0,0.0,0.0,0.0,0.0,0.26228565,0.26228306,0.5716981,0.37505007,0.37503716,4.0558095,0.0025094573,0.0025095022,0.0025090207,0.09016323,0.0,0.0,0.0,0.0,0.0,0.0003189532,0.016501803,0.050669365,0.0,0.0,0.0,0.0,0.0,0.0
1860926230,-0.0108881,0.027338982,0.20151211,-0.088134766,-0.043701172,-1.1691322,0.00078979135,-0.0037257373,0.004614055,0.018928528,0.0,0.0,0.0,0.0,0.0,0.26221666,0.26221552,0.57169014,0.3747148,0.37470084,4.055714,0.0025094573,0.0025095022,0.0025090207,0.09016279,0.0,0.0,0.0,0.0,0.0,0.00023635804,0.015462829,0.053348716,0.0,0.0,0.0,0.0,0.0,0.0
1861130394,-0.008174419,-0.004840374,0.034637507,-0.03137207,-0.0040283203,0.027240753,0.00078979135,-0.0037257373,0.004614055,0.0020523071,0.0,0.0,0.0,0.0,0.0,0.2623051,0.2623069,0.5717414,0.37498796,0.37497318,4.055886,0.0025094573,0.0025095022,0.0025090207,0.09016251,0.0,0.0,0.0,0.0,0.0,0.00019335713,0.008228281,0.02382806,0.0,0.0,0.0,0.0,0.0,0.0
1861331174,-0.05972147,0.051709414,0.14611863,-0.044952393,0.008178711,-0.41270828,0.00078979135,-0.0037257373,0.004614055,0.020885468,0.0,0.0,0.0,0.0,0.0,0.26231107,0.26231566,0.57176214,0.37382415,0.37380934,4.0560207,0.0025094573,0.0025095022,0.0025090207,0.09016209,0.0,0.0,0.0,0.0,0.0,0.00017564317,0.008755681,0.018578516,0.0,0.0,0.0,0.0,0.0,0.0
1861532044,0.011285305,-0.035796642,0.2058875,-0.10046387,-0.012268066,0.106616974,0.00078979135,-0.0037257373,0.004614055,-0.05435729,0.0,0.0,0.0,0.0,0.0,0.26227057,0.26227733,0.5717471,0.37235883,0.3723447,4.05616,0.0025094573,0.0025095022,0.0025090207,0.090161726,0.0,0.0,0.0,0.0,0.0,0.00061314064,0.0052492586,0.012720398,0.0,0.0,0.0,0.0,0.0,0.0
1861735839,-0.028071404,-0.0007095337,0.14236715,-0.101867676,0.0009765625,0.1591301,0.00078979135,-0.0037257373,0.004614055,-0.05660945,0.0,0.0,0.0,0.0,0.0,0.2622683,0.26227602,0.57176185,0.3712156,0.3712023,4.0562887,0.0025094573,0.0025095022,0.0025090207,0.0901615,0.0,0.0,0.0,0.0,0.0,0.00054238795,0.0055190073,0.0132185,0.0,0.0,0.0,0.0,0.0,0.0
1861936611,0.02575636,-0.017444134,0.16217233,-0.10290527,0.0126953125,0.010150909,0.00078979135,-0.0037257373,0.004614055,-0.10757768,0.0,0.0,0.0,0.0,0.0,0.26226455,0.2622708,0.57177204,0.37117133,0.37115905,4.056373,0.0025094573,0.0025095022,0.0025090207,0.090161115,0.0,0.0,0.0,0.0,0.0,0.00058644667,0.0073928502,0.021590859,0.0,0.0,0.0,0.0,0.0,0.0
1862137839,-0.021390438,0.047902584,0.105584554,-0.10391235,0.030761719,-0.24980545,0.00078979135,-0.0037257373,0.004614055,-0.075290084,0.0,0.0,0.0,0.0,0.0,0.26226902,0.26227584,0.5717809,0.3700213,0.3700102,4.0564704,0.0025094573,0.0025095022,0.0025090207,0.090160795,0.0,0.0,0.0,0.0,0.0,0.00033927604,0.0078119836,0.019378206,0.0,0.0,0.0,0.0,0.0,0.0
1862338466,-0.006934643,0.042806864,0.07673131,-0.090270996,0.043884277,0.33179092,0.00078979135,-0.0037257373,0.004614055,-0.17611837,0.0,0.0,0.0,0.0,0.0,0.26226687,0.26227435,0.5717915,0.36886248,0.36885282,4.0565753,0.0025094573,0.0025095022,0.0025090207,0.0901605,0.0,0.0,0.0,0.0,0.0,0.00026623835,0.009133689,0.022771064,0.0,0.0,0.0,0.0,0.0,0.0
1862538510,-0.008561134,0.005765915,0.08058512,0.018096924,0.10760498,-0.23333359,0.00078979135,-0.0037257373,0.004614055,-0.05708325,0.0,0.0,0.0,0.0,0.0,0.26234806,0.2623568,0.57178503,0.36827454,0.36826643,4.056437,0.0025094573,0.0025095022,0.0025090207,0.09016019,0.0,0.0,0.0,0.0,0.0,0.0006811312,0.01044118,0.027012989,0.0,0.0,0.0,0.0,0.0,0.0
1862739023,0.043758392,-0.033326626,0.13885146,-0.12567139,0.006164551,0.3865776,0.00078979135,-0.0037257373,0.004614055,0.031706095,0.0,0.0,0.0,0.0,0.0,0.26213118,0.26214004,0.57177925,0.36723492,0.36722863,4.056253,0.0025094573,0.0025095022,0.0025090207,0.09016004,0.0,0.0,0.0,0.0,0.0,0.0007340357,0.005793195,0.016177887,0.0,0.0,0.0,0.0,0.0,0.0
1862940049,0.049506664,0.028952122,0.100892626,-0.103881836,0.0126953125,-0.21815109,0.00078979135,-0.0037257373,0.004614055,0.0013468862,0.0,0.0,0.0,0.0,0.0,0.2621533,0.26216266,0.57179326,0.36611253,0.36610812,4.056368,0.0025094573,0.0025095022,0.0025090207,0.09015982,0.0,0.0,0.0,0.0,0.0,0.00045106857,0.0053247064,0.01185109,0.0,0.0,0.0,0.0,0.0,0.0
1863140828,0.05516672,-0.0060424805,0.07432729,-0.09472656,0.016235352,0.5387001,0.00078979135,-0.0037257373,0.004614055,0.022688746,0.0,0.0,0.0,0.0,0.0,0.2621377,0.26214874,0.57180333,0.36607975,0.36607718,4.056472,0.0025094573,0.0025095022,0.0025090207,0.09015942,0.0,0.0,0.0,0.0,0.0,0.00020542952,0.0048095975,0.01215761,0.0,0.0,0.0,0.0,0.0,0.0
1863340846,0.02425003,0.0036473274,0.21565168,-0.0977478,0.034179688,-0.14478683,0.00078979135,-0.0037257373,0.004614055,-0.001666069,0.0,0.0,0.0,0.0,0.0,0.26211682,0.26212847,0.5718138,0.3660799,0.366079,4.0565624,0.0025094573,0.0025095022,0.0025090207,0.0901592,0.0,0.0,0.0,0.0,0.0,0.0001349086,0.004173779,0.008912243,0.0,0.0,0.0,0.0,0.0,0.0
1863541692,0.012538433,-0.009699106,0.02175115,-0.08718872,0.049743652,-0.14168167,0.00078979135,-0.0037257373,0.004614055,-0.034063697,0.0,0.0,0.0,0.0,0.0,0.26210767,0.26211983,0.5717487,0.3660801,0.3660808,4.0563617,0.0025094573,0.0025095022,0.0025090207,0.09015883,0.0,0.0,0.0,0.0,0.0,0.0002780667,0.0040835184,0.009517926,0.0,0.0,0.0,0.0,0.0,0.0
1863742402,0.00863266,0.03106594,-0.024019195,-0.052856445,0.08325195,0.09924698,0.00078979135,-0.0037257373,0.004614055,-0.058807135,0.0,0.0,0.0,0.0,0.0,0.2621313,0.26214376,0.5717885,0.3662295,0.36623165,4.0563607,0.0025094573,0.0025095022,0.0025090207,0.09015862,0.0,0.0,0.0,0.0,0.0,0.00047134995,0.006996749,0.019233804,0.0,0.0,0.0,0.0,0.0,0.0
1863943256,-0.0018615723,0.0678184,0.06776334,-0.10946655,0.0690918,-0.8586998,0.00078979135,-0.0037257373,0.004614055,0.030226469,0.0,0.0,0.0,0.0,0.0,0.26206332,0.26207507,0.57177365,0.36592084,0.365924,4.056489,0.0025094573,0.0025095022,0.0025090207,0.09015831,0.0,0.0,0.0,0.0,0.0,0.00046332317,0.008595896,0.022320747,0.0,0.0,0.0,0.0,0.0,0.0
1864143289,-0.0011973381,-0.03651285,-0.018657954,-0.104888916,0.068237305,-0.35731888,0.00078979135,-0.0037257373,0.004614055,0.0029774308,0.0,0.0,0.0,0.0,0.0,0.2620638,0.2620737,0.5717867,0.36591673,0.36592066,4.056372,0.0025094573,0.0025095022,0.0025090207,0.09015809,0.0,0.0,0.0,0.0,0.0,0.00039496788,0.006188066,0.020232419,0.0,0.0,0.0,0.0,0.0,0.0
1864348008,0.09389305,-0.038199425,0.104951076,-0.0982666,0.07562256,0.031589508,0.00078979135,-0.0037257373,0.004614055,0.0075268745,0.0,0.0,0.0,0.0,0.0,0.26203826,0.26204717,0.57180053,0.36594164,0.36594617,4.0564537,0.0025094573,0.0025095022,0.0025090207,0.090157926,0.0,0.0,0.0,0.0,0.0,0.0002094396,0.00430299,0.013502959,0.0,0.0,0.0,0.0,0.0,0.0
1864548886,0.040169716,0.04511428,0.06313896,-0.08938599,0.08795166,0.16397476,0.00078979135,-0.0037257373,0.004614055,0.012570858,0.0,0.0,0.0,0.0,0.0,0.26203495,0.26204318,0.5718125,0.36483103,0.36483595,4.0568204,0.0025094573,0.0025095022,0.0025090207,0.09015781,0.0,0.0,0.0,0.0,0.0,0.00014075516,0.0066355797,0.01804868,0.0,0.0,0.0,0.0,0.0,0.0
1864752573,0.073987484,0.027801514,0.029747037,-0.08352661,0.0949707,-0.30516434,0.00078979135,-0.0037257373,0.004614055,-0.067322135,0.0,0.0,0.0,0.0,0.0,0.26202518,0.2620333,0.5718195,0.36479855,0.36480388,4.056766,0.0025094573,0.0025095022,0.0025090207,0.09015761,0.0,0.0,0.0,0.0,0.0,0.00021696076,0.007006746,0.018183278,0.0,0.0,0.0,0.0,0.0,0.0
1864953659,0.075951576,0.026834011,0.012929432,-0.05105591,0.12371826,-0.06592941,0.00078979135,-0.0037257373,0.004614055,0.008668542,0.0,0.0,0.0,0.0,0.0,0.2620527,0.26206267,0.571854,0.3649453,0.3649511,4.056862,0.0025094573,0.0025095022,0.0025090207,0.090157405,0.0,0.0,0.0,0.0,0.0,0.00025115415,0.008358761,0.018867984,0.0,0.0,0.0,0.0,0.0,0.0
1865154400,-1.5258789e-05,0.020803928,0.023322057,-0.05908203,0.113342285,0.3787117,0.00078979135,-0.0037257373,0.004614055,0.040165246,0.0,0.0,0.0,0.0,0.0,0.26204282,0.26205513,0.5718638,0.3649301,0.36493665,4.0566382,0.0025094573,0.0025095022,0.0025090207,0.090157144,0.0,0.0,0.0,0.0,0.0,0.0002651178,0.007660249,0.020013321,0.0,0.0,0.0,0.0,0.0,0.0
1865355025,0.118914604,-0.013297081,0.04032045,-0.029907227,0.11639404,-0.6236458,0.00078979135,-0.0037257373,0.004614055,-0.017079175,0.0,0.0,0.0,0.0,0.0,0.2620351,0.26204953,0.5717987,0.3637856,0.36379316,4.056511,0.0025094573,0.0025095022,0.0025090207,0.090156935,0.0,0.0,0.0,0.0,0.0,0.0002622619,0.009672579,0.026362171,0.0,0.0,0.0,0.0,0.0,0.0
1865555013,0.1092248,0.015258789,0.035256434,-0.03225708,0.1116333,-0.10040665,0.00078979135,-0.0037257373,0.004614055,0.0198794,0.0,0.0,0.0,0.0,0.0,0.26203382,0.26204985,0.57181174,0.3637238,0.36373264,4.0566297,0.0025094573,0.0025095022,0.0025090207,0.09015653,0.0,0.0,0.0,0.0,0.0,0.0003061598,0.0093608815,0.022514947,0.0,0.0,0.0,0.0,0.0,0.0
1865756071,0.051295757,0.003835678,-0.036394887,-0.009521484,0.10028076,-0.31367874,0.00078979135,-0.0037257373,0.004614055,0.015660942,0.0,0.0,0.0,0.0,0.0,0.26202872,0.26204538,0.57182497,0.362574,0.3625842,4.0567093,0.0025094573,0.0025095022,0.0025090207,0.09015641,0.0,0.0,0.0,0.0,0.0,0.00023496027,0.013925125,0.04131644,0.0,0.0,0.0,0.0,0.0,0.0
1865956799,0.08901644,-0.023182154,0.066746354,0.012542725,0.09197998,0.6324043,0.00078979135,-0.0037257373,0.004614055,-0.029542983,0.0,0.0,0.0,0.0,0.0,0.26201633,0.262034,0.57183594,0.36253348,0.36254513,4.056814,0.0025094573,0.0025095022,0.0025090207,0.09015628,0.0,0.0,0.0,0.0,0.0,0.0004365224,0.008937503,0.023377702,0.0,0.0,0.0,0.0,0.0,0.0
1866157384,0.107306,0.0071718693,-0.003600643,-0.033843994,0.058044434,0.03182602,0.00078979135,-0.0037257373,0.004614055,0.0067596436,0.0,0.0,0.0,0.0,0.0,0.2619655,0.26198378,0.57181406,0.36106047,0.3610733,4.0569096,0.0025094573,0.0025095022,0.0025090207,0.0901561,0.0,0.0,0.0,0.0,0.0,0.00052968535,0.007083969,0.015204868,0.0,0.0,0.0,0.0,0.0,0.0
1866357639,0.08120823,-0.018897772,0.046459444,0.017547607,0.08843994,0.60856247,0.00078979135,-0.0037257373,0.004614055,-0.058895946,0.0,0.0,0.0,0.0,0.0,0.26203725,0.26205754,0.5718543,0.36022484,0.3602393,4.0567155,0.0025094573,0.0025095022,0.0025090207,0.09015586,0.0,0.0,0.0,0.0,0.0,0.00021684564,0.008867129,0.02326409,0.0,0.0,0.0,0.0,0.0,0.0
1866558488,0.05163765,0.019182682,0.027376644,-0.02154541,0.0569458,-0.00573349,0.00078979135,-0.0037257373,0.004614055,-0.034243762,0.0,0.0,0.0,0.0,0.0,0.2619868,0.26200718,0.57183385,0.35876098,0.35877633,4.056513,0.0025094573,0.0025095022,0.0025090207,0.090155765,0.0,0.0,0.0,0.0,0.0,0.00019328904,0.005975452,0.017138943,0.0,0.0,0.0,0.0,0.0,0.0
1866763030,0.075529575,-0.033417225,0.07654177,-0.0044555664,0.057128906,-0.51200485,0.00078979135,-0.0037257373,0.004614055,0.08668363,0.0,0.0,0.0,0.0,0.0,0.26197731,0.26199824,0.57184625,0.35873708,0.3587535,4.0566597,0.0025094573,0.0025095022,0.0025090207,0.09015568,0.0,0.0,0.0,0.0,0.0,0.00012163018,0.005287907,0.014491691,0.0,0.0,0.0,0.0,0.0,0.0
1866963310,0.07924795,-0.0065312386,0.07833297,0.06271362,0.07928467,0.3921852,0.00078979135,-0.0037257373,0.004614055,-0.020224929,0.0,0.0,0.0,0.0,0.0,0.26199928,0.26202023,0.57181144,0.35897428,0.35899183,4.0566316,0.0025094573,0.0025095022,0.0025090207,0.09015559,0.0,0.0,0.0,0.0,0.0,0.00022350466,0.008647978,0.02478839,0.0,0.0,0.0,0.0,0.0,0.0
1867164083,0.058760166,0.05836916,0.11519414,0.039001465,0.07299805,-0.24285507,0.00078979135,-0.0037257373,0.004614055,-0.025749326,0.0,0.0,0.0,0.0,0.0,0.2619582,0.26197934,0.5718167,0.3587721,0.3587901,4.0563383,0.0025094573,0.0025095022,0.0025090207,0.090155676,0.0,0.0,0.0,0.0,0.0,0.00032075285,0.0064203134,0.014874588,0.0,0.0,0.0,0.0,0.0,0.0
1867364802,0.056546688,0.013115883,0.04733926,0.01852417,0.06335449,0.5284462,0.00078979135,-0.0037257373,0.004614055,-0.04964584,0.0,0.0,0.0,0.0,0.0,0.26190904,0.2619307,0.57182556,0.35748357,0.357502,4.056449,0.0025094573,0.0025095022,0.0025090207,0.09015561,0.0,0.0,0.0,0.0,0.0,0.0004698831,0.008084053,0.025259472,0.0,0.0,0.0,0.0,0.0,0.0
1867565381,0.067297935,-0.019932508,0.0020217597,0.024963379,0.06365967,0.14425278,0.00078979135,-0.0037257373,0.004614055,-0.02555257,0.0,0.0,0.0,0.0,0.0,0.26190418,0.26192626,0.57184124,0.35746092,0.35747993,4.0565886,0.0025094573,0.0025095022,0.0025090207,0.090155505,0.0,0.0,0.0,0.0,0.0,0.00025213775,0.0043512266,0.012355138,0.0,0.0,0.0,0.0,0.0,0.0
1867765664,0.07187128,-0.019116163,0.02247212,0.025787354,0.06304932,-0.47626114,0.00078979135,-0.0037257373,0.004614055,-0.014795303,0.0,0.0,0.0,0.0,0.0,0.26188907,0.26191124,0.5718535,0.35629544,0.35631502,4.056581,0.0025094573,0.0025095022,0.0025090207,0.090155326,0.0,0.0,0.0,0.0,0.0,0.00025988306,0.00634129,0.017625429,0.0,0.0,0.0,0.0,0.0,0.0
1867970477,0.077301025,0.00955224,0.0006004693,0.055908203,0.08795166,-0.3461647,0.00078979135,-0.0037257373,0.004614055,0.053720474,0.0,0.0,0.0,0.0,0.0,0.26191437,0.26193735,0.571891,0.3552913,0.35531163,4.056406,0.0025094573,0.0025095022,0.0025090207,0.090155184,0.0,0.0,0.0,0.0,0.0,0.00024309463,0.0072191795,0.019978354,0.0,0.0,0.0,0.0,0.0,0.0
1868171233,0.058835983,-0.037677288,-0.012898149,0.00881958,0.050598145,0.41021347,0.00078979135,-0.0037257373,0.004614055,0.0083399415,0.0,0.0,0.0,0.0,0.0,0.2618445,0.26186883,0.5718722,0.3549419,0.35496244,4.0565767,0.0025094573,0.0025095022,0.0025090207,0.090154916,0.0,0.0,0.0,0.0,0.0,0.00016642627,0.008159942,0.025935633,0.0,0.0,0.0,0.0,0.0,0.0
1868371309,0.103060246,-0.02260065,0.10538269,0.029815674,0.05078125,0.14291,0.00078979135,-0.0037257373,0.004614055,0.02887839,0.0,0.0,0.0,0.0,0.0,0.2618563,0.2618807,0.5718852,0.35492778,0.35494888,4.0564365,0.0025094573,0.0025095022,0.0025090207,0.09015466,0.0,0.0,0.0,0.0,0.0,0.00021083273,0.004561811,0.011012153,0.0,0.0,0.0,0.0,0.0,0.0
1868572103,0.066562176,0.04261422,0.029322058,0.12860107,0.11663818,0.39789963,0.00078979135,-0.0037257373,0.004614055,-0.0070420504,0.0,0.0,0.0,0.0,0.0,0.2619619,0.26198724,0.5718844,0.35545963,0.355482,4.056312,0.0025094573,0.0025095022,0.0025090207,0.0901546,0.0,0.0,0.0,0.0,0.0,0.00052723347,0.006865534,0.017032802,0.0,0.0,0.0,0.0,0.0,0.0
1868772808,0.029586792,-0.053659678,0.13936698,0.004760742,0.053466797,-0.2848091,0.00078979135,-0.0037257373,0.004614055,0.0032265186,0.0,0.0,0.0,0.0,0.0,0.26183888,0.26186505,0.571838,0.3548098,0.354832,4.05644,0.0025094573,0.0025095022,0.0025090207,0.09015454,0.0,0.0,0.0,0.0,0.0,0.00028740225,0.0042706807,0.014568846,0.0,0.0,0.0,0.0,0.0,0.0
1868973756,0.085137844,-0.02118063,0.009492338,-0.03918457,0.02709961,-0.22680283,0.00078979135,-0.0037257373,0.004614055,0.0022768378,0.0,0.0,0.0,0.0,0.0,0.26180625,0.2618332,0.5718217,0.35453892,0.3545614,4.0563602,0.0025094573,0.0025095022,0.0025090207,0.09015431,0.0,0.0,0.0,0.0,0.0,0.00034769482,0.0039186394,0.010801542,0.0,0.0,0.0,0.0,0.0,0.0
1869177604,0.06388664,0.03510189,-0.033004638,-0.024658203,0.038879395,-0.15789413,0.00078979135,-0.0037257373,0.004614055,0.026931107,0.0,0.0,0.0,0.0,0.0,0.26179853,0.26182505,0.5718372,0.35344598,0.35346913,4.0562506,0.0025094573,0.0025095022,0.0025090207,0.0901541,0.0,0.0,0.0,0.0,0.0,0.00013751171,0.006161983,0.01945821,0.0,0.0,0.0,0.0,0.0,0.0
1869378552,0.04367733,-0.015483379,-0.093478605,-0.026794434,0.03894043,0.07757187,0.00078979135,-0.0037257373,0.004614055,0.008888245,0.0,0.0,0.0,0.0,0.0,0.26181367,0.26183945,0.57185465,0.35347643,0.3535002,4.05641,0.0025094573,0.0025095022,0.0025090207,0.090153866,0.0,0.0,0.0,0.0,0.0,0.0006704849,0.008428995,0.025222877,0.0,0.0,0.0,0.0,0.0,0.0
1869579245,0.06402159,-0.016006231,-0.02100968,0.031982422,0.072265625,-0.54356766,0.00078979135,-0.0037257373,0.004614055,-0.009672046,0.0,0.0,0.0,0.0,0.0,0.26186335,0.26188907,0.57182443,0.35378453,0.35380906,4.056538,0.0025094573,0.0025095022,0.0025090207,0.090153806,0.0,0.0,0.0,0.0,0.0,0.00032361233,0.007583191,0.024453899,0.0,0.0,0.0,0.0,0.0,0.0
1869780193,0.043536186,-0.040780306,-0.06783717,0.027008057,0.06854248,-0.6522484,0.00078979135,-0.0037257373,0.004614055,0.07496709,0.0,0.0,0.0,0.0,0.0,0.26184547,0.26186997,0.5719114,0.35373765,0.35376233,4.0566688,0.0025094573,0.0025095022,0.0025090207,0.09015359,0.0,0.0,0.0,0.0,0.0,0.00013687,0.004551138,0.014741524,0.0,0.0,0.0,0.0,0.0,0.0
1869980043,0.06623936,-0.05154085,0.008164445,-0.008972168,0.032958984,0.5469017,0.00078979135,-0.0037257373,0.004614055,-0.08232391,0.0,0.0,0.0,0.0,0.0,0.26177517,0.26179945,0.57188934,0.35344437,0.35346878,4.0565677,0.0025094573,0.0025095022,0.0025090207,0.090153635,0.0,0.0,0.0,0.0,0.0,0.00015619192,0.0031679452,0.006835022,0.0,0.0,0.0,0.0,0.0,0.0
1870180852,0.022975922,-0.04840374,-0.00014916249,-0.0053100586,0.025512695,0.21300125,0.00078979135,-0.0037257373,0.004614055,-0.05615771,0.0,0.0,0.0,0.0,0.0,0.26180884,0.26183218,0.571825,0.3534752,0.3534997,4.0564137,0.0025094573,0.0025095022,0.0025090207,0.09015341,0.0,0.0,0.0,0.0,0.0,9.5261195e-05,0.0042745783,0.009339354,0.0,0.0,0.0,0.0,0.0,0.0
1870381655,0.004407406,-0.0294981,0.087500855,-0.03390503,0.014038086,0.5527611,0.00078979135,-0.0037257373,0.004614055,0.016204178,0.0,0.0,0.0,0.0,0.0,0.26179764,0.26182133,0.5718336,0.35336745,0.3533918,4.056429,0.0025094573,0.0025095022,0.0025090207,0.090153284,0.0,0.0,0.0,0.0,0.0,0.00022533721,0.0054484685,0.013670001,0.0,0.0,0.0,0.0,0.0,0.0
1870582476,0.067168236,-0.023058414,-0.022994857,0.06921387,0.0871582,-0.13936996,0.00078979135,-0.0037257373,0.004614055,0.00932008,0.0,0.0,0.0,0.0,0.0,0.2619454,0.26197064,0.5718337,0.3528749,0.3529002,4.056311,0.0025094573,0.0025095022,0.0025090207,0.09015314,0.0,0.0,0.0,0.0,0.0,0.00016314327,0.0028138012,0.009123339,0.0,0.0,0.0,0.0,0.0,0.0
1870782500,0.054465294,-0.031563282,0.040870264,0.018554688,0.046936035,-0.9172325,0.00078979135,-0.0037257373,0.004614055,-0.021773815,0.0,0.0,0.0,0.0,0.0,0.26185662,0.26188344,0.5718931,0.35250872,0.35253388,4.056754,0.0025094573,0.0025095022,0.0025090207,0.09015296,0.0,0.0,0.0,0.0,0.0,0.00018257556,0.0019319372,0.0052704485,0.0,0.0,0.0,0.0,0.0,0.0
1870987196,0.054106236,-0.016026497,0.021768078,0.024017334,0.05505371,-0.042881012,0.00078979135,-0.0037257373,0.004614055,-0.03882289,0.0,0.0,0.0,0.0,0.0,0.2618461,0.26187453,0.5719036,0.35250586,0.35253152,4.0566235,0.0025094573,0.0025095022,0.0025090207,0.09015274,0.0,0.0,0.0,0.0,0.0,0.0001584019,0.0056948527,0.018683253,0.0,0.0,0.0,0.0,0.0,0.0
1871188171,0.026055336,-0.036822796,0.031703252,0.023529053,0.051757812,0.32290268,0.00078979135,-0.0037257373,0.004614055,0.047019184,0.0,0.0,0.0,0.0,0.0,0.26183966,0.261869,0.571914,0.35250133,0.35252765,4.056746,0.0025094573,0.0025095022,0.0025090207,0.090152726,0.0,0.0,0.0,0.0,0.0,0.00010801213,0.006467938,0.021302309,0.0,0.0,0.0,0.0,0.0,0.0
1871388140,0.015594959,0.034382105,-0.018628396,0.018798828,0.059143066,0.022975922,0.00078979135,-0.0037257373,0.004614055,-0.019297123,0.0,0.0,0.0,0.0,0.0,0.26183385,0.26186448,0.5718445,0.3513867,0.35141376,4.0568776,0.0025094573,0.0025095022,0.0025090207,0.090152785,0.0,0.0,0.0,0.0,0.0,0.00029983,0.0029805577,0.010626323,0.0,0.0,0.0,0.0,0.0,0.0
1871588868,0.0059490204,0.0076675415,0.016002584,0.013366699,0.05871582,0.20697403,0.00078979135,-0.0037257373,0.004614055,0.0035656095,0.0,0.0,0.0,0.0,0.0,0.26180348,0.26183265,0.57192904,0.35133332,0.35136083,4.056975,0.0025094573,0.0025095022,0.0025090207,0.0901526,0.0,0.0,0.0,0.0,0.0,0.00011790095,0.007640144,0.025533093,0.0,0.0,0.0,0.0,0.0,0.0
1871793686,0.11051178,-0.06070137,0.074023895,0.015289307,0.054260254,0.6280327,0.00078979135,-0.0037257373,0.004614055,0.041231215,0.0,0.0,0.0,0.0,0.0,0.26179326,0.2618205,0.57193273,0.35131386,0.35134163,4.0570307,0.0025094573,0.0025095022,0.0025090207,0.09015248,0.0,0.0,0.0,0.0,0.0,0.00018509415,0.0070318957,0.023312824,0.0,0.0,0.0,0.0,0.0,0.0
1871994228,0.013203144,-0.05007434,0.08731793,-0.004486084,0.04071045,-0.11912918,0.00078979135,-0.0037257373,0.004614055,-0.04442203,0.0,0.0,0.0,0.0,0.0,0.26175418,0.26177987,0.5719286,0.35004926,0.35007688,4.0569754,0.0025094573,0.0025095022,0.0025090207,0.090152346,0.0,0.0,0.0,0.0,0.0,0.00016776523,0.0073282104,0.023743484,0.0,0.0,0.0,0.0,0.0,0.0
1872198564,-0.033892155,0.0029985905,-0.009424493,-0.019470215,0.041870117,-0.56401443,0.00078979135,-0.0037257373,0.004614055,-0.014160752,0.0,0.0,0.0,0.0,0.0,0.26175848,0.2617811,0.57192934,0.35000747,0.3500347,4.0570483,0.0025094573,0.0025095022,0.0025090207,0.09015218,0.0,0.0,0.0,0.0,0.0,0.00032405154,0.0046679825,0.009619635,0.0,0.0,0.0,0.0,0.0,0.0
1872399292,0.063556194,-0.0019304752,0.09203542,-0.016479492,0.050964355,0.19258499,0.00078979135,-0.0037257373,0.004614055,-0.014214754,0.0,0.0,0.0,0.0,0.0,0.26175642,0.2617763,0.57185465,0.3488939,0.34892038,4.0568566,0.0025094573,0.0025095022,0.0025090207,0.09015207,0.0,0.0,0.0,0.0,0.0,0.00016420115,0.0034121333,0.008215409,0.0,0.0,0.0,0.0,0.0,0.0
1872600041,0.036958218,-0.0043799877,0.028235,-0.0132751465,0.050842285,0.14810562,0.00078979135,-0.0037257373,0.004614055,0.036979914,0.0,0.0,0.0,0.0,0.0,0.26175565,0.26177347,0.57186186,0.3488704,0.34889567,4.056926,0.0025094573,0.0025095022,0.0025090207,0.09015188,0.0,0.0,0.0,0.0,0.0,0.00010738483,0.008157079,0.026344264,0.0,0.0,0.0,0.0,0.0,0.0
1872800809,0.09910345,-0.029305935,0.10283665,-0.0025634766,0.05102539,-0.5722618,0.00078979135,-0.0037257373,0.004614055,-0.012005985,0.0,0.0,0.0,0.0,0.0,0.26175073,0.26176637,0.571868,0.34885177,0.3488756,4.0570126,0.0025094573,0.0025095022,0.0025090207,0.09015187,0.0,0.0,0.0,0.0,0.0,0.0004398541,0.0060870997,0.021229722,0.0,0.0,0.0,0.0,0.0,0.0
1873000888,0.09291887,-0.02971363,0.08554652,-0.057128906,0.027648926,-0.74441147,0.00078979135,-0.0037257373,0.004614055,0.024231255,0.0,0.0,0.0,0.0,0.0,0.26165873,0.26167288,0.5718397,0.34852564,0.3485477,4.057089,0.0025094573,0.0025095022,0.0025090207,0.09015177,0.0,0.0,0.0,0.0,0.0,0.0001159934,0.002468185,0.008641178,0.0,0.0,0.0,0.0,0.0,0.0
1873201650,0.06051922,-0.04100561,0.060213096,-0.044281006,0.030700684,-0.22946548,0.00078979135,-0.0037257373,0.004614055,-0.14501172,0.0,0.0,0.0,0.0,0.0,0.2616658,0.26167893,0.5718434,0.3474475,0.34746808,4.0569005,0.0025094573,0.0025095022,0.0025090207,0.09015161,0.0,0.0,0.0,0.0,0.0,0.0008264582,0.0026959302,0.006873102,0.0,0.0,0.0,0.0,0.0,0.0
1873402242,0.052361965,-0.059597015,-0.055808853,-0.024047852,0.014099121,0.5729408,0.0059021264,-0.004689224,-0.049054354,0.11347395,0.0,0.0,0.0,0.0,0.0,0.26168123,0.26169375,0.57185096,0.34745482,0.3474739,4.056988,0.002542939,0.0025411742,0.0026061577,0.090151645,0.0,0.0,0.0,0.0,0.0,0.00056536385,0.0071543497,0.02166093,0.0,0.0,0.0,0.0,0.0,0.0
1873610520,0.055479527,0.018188715,0.10977427,-0.013244629,0.0126953125,0.12369156,-0.015352994,0.0065891743,0.045578092,0.11347395,0.0,0.0,0.0,0.0,0.0,0.26166376,0.26168072,0.57185704,0.34630808,0.3463364,4.0570707,0.002537484,0.0025359145,0.0025765072,0.090151645,0.0,0.0,0.0,0.0,0.0,0.0011021334,0.0052153305,0.010106664,0.0,0.0,0.0,0.0,0.0,0.0
1873811045,0.10658026,-0.068748474,0.060703054,0.06311035,0.029296875,0.5715294,-0.013115451,0.0022055209,0.051036924,0.11347395,0.0,0.0,0.0,0.0,0.0,0.26163462,0.26165372,0.57189065,0.34538525,0.34541953,4.0570145,0.0025336863,0.0025318437,0.0025615946,0.090151645,0.0,0.0,0.0,0.0,0.0,0.00092384784,0.004697418,0.008925088,0.0,0.0,0.0,0.0,0.0,0.0
1874011827,0.052457333,-0.085942745,-0.007726839,0.011993408,-0.042419434,0.509182,0.019728377,-0.0121608,-0.028912991,0.11347395,0.0,0.0,0.0,0.0,0.0,0.26153022,0.26154938,0.57185817,0.3437703,0.3438043,4.0576105,0.0025308125,0.0025286519,0.0025515389,0.090151645,0.0,0.0,0.0,0.0,0.0,0.0006468445,0.010080943,0.025869368,0.0,0.0,0.0,0.0,0.0,0.0
1874212580,0.05085087,-0.08588982,-0.017358847,0.07723999,-0.021057129,0.15228653,0.0041436553,0.0023193508,-0.024060428,0.11347395,0.0,0.0,0.0,0.0,0.0,0.2616199,0.2616327,0.57188475,0.34291038,0.3429426,4.057319,0.0025288379,0.0025261876,0.0025442461,0.090151645,0.0,0.0,0.0,0.0,0.0,0.0007638592,0.009959578,0.022601508,0.0,0.0,0.0,0.0,0.0,0.0
1874421590,-0.0053391457,-0.06795335,0.070126414,0.021057129,-0.051330566,-0.5655937,0.024866372,-0.010903388,-0.028811961,0.11347395,0.0,0.0,0.0,0.0,0.0,0.26155832,0.26155373,0.5718476,0.34252048,0.34254667,4.057124,0.0025259093,0.0025242271,0.0025383565,0.090151645,0.0,0.0,0.0,0.0,0.0,0.0008191506,0.011988517,0.030819371,0.0,0.0,0.0,0.0,0.0,0.0
1874621774,0.081765175,-0.10813594,-0.077758856,0.14886475,0.02331543,-0.513546,0.0011345297,-0.0050528944,-0.0045639873,0.11347395,0.0,0.0,0.0,0.0,0.0,0.26177502,0.26171455,0.57186484,0.34441912,0.3444326,4.057052,0.0025237626,0.0025228544,0.002534426,0.090151645,0.0,0.0,0.0,0.0,0.0,0.00073919795,0.014518833,0.03648588,0.0,0.0,0.0,0.0,0.0,0.0
1874822244,0.09574032,-0.024658203,-0.10362182,-0.021392822,-0.04119873,-0.5547447,-0.01104027,-0.0017777681,0.042798996,0.11347395,0.0,0.0,0.0,0.0,0.0,0.2616325,0.2614857,0.571847,0.34224808,0.34224772,4.0570955,0.002522525,0.0025215303,0.002531269,0.090151645,0.0,0.0,0.0,0.0,0.0,0.0008219506,0.019909808,0.062189825,0.0,0.0,0.0,0.0,0.0,0.0
1875023360,0.12647295,-0.06915712,0.028348409,0.036102295,-0.001159668,0.04820633,-0.0030958354,-0.009083286,0.013999909,0.11347395,0.0,0.0,0.0,0.0,0.0,0.26180553,0.26154077,0.5718783,0.34145415,0.341431,4.057158,0.0025213026,0.0025200062,0.0025282667,0.090151645,0.0,0.0,0.0,0.0,0.0,0.0011029242,0.005799361,0.0130777545,0.0,0.0,0.0,0.0,0.0,0.0
1875224009,0.21870232,0.015590906,-0.04864756,0.06951904,-0.0048828125,-0.11154556,-0.010259151,-0.012514278,-0.016521335,0.11347395,0.0,0.0,0.0,0.0,0.0,0.26190054,0.26158965,0.57187426,0.34141037,0.34136245,4.056938,0.0025196557,0.0025185805,0.0025255883,0.090151645,0.0,0.0,0.0,0.0,0.0,0.0009890258,0.0068398244,0.015615915,0.0,0.0,0.0,0.0,0.0,0.0
1875424045,0.10518646,0.030710816,0.05307423,0.10494995,-0.0024414062,-0.69031906,0.004699558,-0.0064811036,-0.021547705,0.11347395,0.0,0.0,0.0,0.0,0.0,0.26196694,0.26167414,0.5718815,0.34250417,0.3424299,4.0572653,0.002518339,0.0025175079,0.0025235675,0.090151645,0.0,0.0,0.0,0.0,0.0,0.00061151606,0.006039326,0.01858349,0.0,0.0,0.0,0.0,0.0,0.0
1875624931,0.17551756,0.033802867,0.09663144,0.12683105,0.010925293,-0.29392624,-0.004077673,0.0016931817,0.029676884,0.11347395,0.0,0.0,0.0,0.0,0.0,0.26202,0.26175773,0.57189167,0.3436324,0.34353417,4.05753,0.0025173146,0.0025166296,0.0025218818,0.090151645,0.0,0.0,0.0,0.0,0.0,0.0005744527,0.0066502425,0.017657368,0.0,0.0,0.0,0.0,0.0,0.0
1875825848,0.06369066,0.12265611,0.112728074,-0.054138184,-0.01373291,-0.2775383,-0.0018085837,-0.0068810284,-0.0066632926,0.11347395,0.0,0.0,0.0,0.0,0.0,0.2618795,0.26165903,0.57188505,0.34286502,0.34275535,4.0575247,0.0025164653,0.0025158988,0.0025204467,0.090151645,0.0,0.0,0.0,0.0,0.0,0.0003272279,0.0061916867,0.008960795,0.0,0.0,0.0,0.0,0.0,0.0
1876025789,0.1636548,0.06012225,0.17989643,0.08416748,0.022033691,1.1367531,-0.0034738034,-0.008032039,-0.030654341,0.11347395,0.0,0.0,0.0,0.0,0.0,0.26201692,0.26182184,0.57194936,0.34246346,0.34233382,4.0575156,0.0025156345,0.002515207,0.0025190634,0.090151645,0.0,0.0,0.0,0.0,0.0,0.0005507724,0.0132563505,0.038642768,0.0,0.0,0.0,0.0,0.0,0.0
1876226589,0.144176,0.09650552,0.11336447,0.07751465,0.04107666,-0.07342911,-0.0077772737,0.0007559508,0.022228062,0.11347395,0.0,0.0,0.0,0.0,0.0,0.2619872,0.2618317,0.57194865,0.34252372,0.34238586,4.0574813,0.0025148902,0.0025145935,0.0025178646,0.090151645,0.0,0.0,0.0,0.0,0.0,0.00056852686,0.012928032,0.038145825,0.0,0.0,0.0,0.0,0.0,0.0
1876428000,0.120615005,0.067801714,0.09266377,-0.03048706,0.03338623,0.07412338,0.006540969,0.0028768554,-0.011558652,0.11347395,0.0,0.0,0.0,0.0,0.0,0.2618284,0.26171726,0.5718856,0.34312227,0.34298676,4.0572567,0.0025142871,0.0025141446,0.0025169323,0.090151645,0.0,0.0,0.0,0.0,0.0,0.0006102078,0.010869291,0.03475233,0.0,0.0,0.0,0.0,0.0,0.0
1876628078,0.14277601,0.032486677,0.18442565,0.09213257,0.061584473,-0.30729294,-0.0073010027,-0.0014978051,0.025426984,0.11347395,0.0,0.0,0.0,0.0,0.0,0.26188287,0.26182604,0.57187223,0.3437852,0.34365135,4.0572987,0.002513736,0.0025137514,0.0025160995,0.090151645,0.0,0.0,0.0,0.0,0.0,0.0005624946,0.0052653127,0.01375585,0.0,0.0,0.0,0.0,0.0,0.0
1876831816,0.07571459,0.09556472,0.07513705,0.0769043,0.06762695,-0.29198074,-0.008089021,-0.00023612007,-0.0130420625,0.11347395,0.0,0.0,0.0,0.0,0.0,0.2618004,0.2617994,0.57187456,0.34491682,0.34479883,4.057486,0.0025132291,0.0025133402,0.0025153456,0.090151645,0.0,0.0,0.0,0.0,0.0,0.0005574688,0.005791074,0.012355816,0.0,0.0,0.0,0.0,0.0,0.0
1877032796,0.024620056,0.0528872,0.044959642,0.04824829,0.066467285,-0.39342117,-0.014139354,0.0046048723,0.03420517,0.11347395,0.0,0.0,0.0,0.0,0.0,0.26168865,0.26173502,0.57194704,0.34591478,0.34582067,4.057464,0.0025127653,0.0025129067,0.0025146515,0.090151645,0.0,0.0,0.0,0.0,0.0,0.00050972274,0.0078540575,0.019673828,0.0,0.0,0.0,0.0,0.0,0.0
1877233722,0.10162544,0.08045268,0.14771917,0.104522705,0.08288574,-0.11140823,0.009866789,0.009716339,-6.207824e-05,0.11347395,0.0,0.0,0.0,0.0,0.0,0.26169577,0.261773,0.57189614,0.3462491,0.34618518,4.0574684,0.00251229,0.0025124603,0.0025139472,0.090151645,0.0,0.0,0.0,0.0,0.0,0.0006490092,0.006861026,0.020616205,0.0,0.0,0.0,0.0,0.0,0.0
1877438655,0.038179874,0.07188237,0.11062884,-0.07888794,0.047424316,0.070056915,0.007849872,-0.009013724,-0.01903981,0.11347395,0.0,0.0,0.0,0.0,0.0,0.2614869,0.26157174,0.5718775,0.3453963,0.34536174,4.0577335,0.0025118552,0.002511997,0.0025133053,0.090151645,0.0,0.0,0.0,0.0,0.0,0.00051768665,0.007521628,0.016256593,0.0,0.0,0.0,0.0,0.0,0.0
1877638594,0.004413128,0.07204807,0.13363723,0.090026855,0.08544922,-0.42763138,-0.003571704,-0.0010614656,0.016379833,0.11347395,0.0,0.0,0.0,0.0,0.0,0.26169407,0.26178163,0.57196933,0.34742975,0.34743416,4.0575933,0.00251149,0.002511619,0.0025127735,0.090151645,0.0,0.0,0.0,0.0,0.0,0.00041985133,0.0071693687,0.014812544,0.0,0.0,0.0,0.0,0.0,0.0
1877839233,-0.06419706,0.13403523,0.072948635,0.040649414,0.092285156,-0.034885406,-0.011389211,0.002977796,0.018475324,0.11347395,0.0,0.0,0.0,0.0,0.0,0.26168618,0.2617662,0.5719588,0.3472908,0.34732676,4.0577106,0.002511116,0.0025112638,0.002512228,0.090151645,0.0,0.0,0.0,0.0,0.0,0.0005646849,0.010822901,0.026466008,0.0,0.0,0.0,0.0,0.0,0.0
1878040037,-0.012832642,0.045222282,0.030248575,-0.015838623,0.08770752,-0.38879776,-0.010006189,-0.013736028,-0.006754726,0.11347395,0.0,0.0,0.0,0.0,0.0,0.2616777,0.26173493,0.5719475,0.34827507,0.34833753,4.0579295,0.002510769,0.0025109116,0.0025117272,0.090151645,0.0,0.0,0.0,0.0,0.0,0.0002722387,0.009786712,0.02205311,0.0,0.0,0.0,0.0,0.0,0.0
1878240849,-0.04752636,0.04611671,-0.01910229,-0.031799316,0.0848999,0.28284836,0.003649786,-0.008434445,-0.025429279,0.11347395,0.0,0.0,0.0,0.0,0.0,0.26167572,0.2617072,0.5719434,0.34829897,0.3483828,4.057908,0.0025104932,0.0025106554,0.0025113192,0.090151645,0.0,0.0,0.0,0.0,0.0,0.00025427254,0.0106248995,0.02470328,0.0,0.0,0.0,0.0,0.0,0.0
1878440859,0.02964592,0.03170693,0.11223639,-0.036621094,0.08288574,0.08464432,0.018039584,0.0066359565,0.006335199,0.11347395,0.0,0.0,0.0,0.0,0.0,0.26168925,0.26168615,0.5719406,0.349454,0.3495511,4.057864,0.002510194,0.0025103614,0.0025108962,0.090151645,0.0,0.0,0.0,0.0,0.0,0.00015582169,0.009779675,0.026756791,0.0,0.0,0.0,0.0,0.0,0.0
1878645668,-0.026469707,0.038347006,0.058795787,-0.10134888,0.07287598,1.0031319,0.001469627,0.014023211,0.053043038,0.11347395,0.0,0.0,0.0,0.0,0.0,0.2616434,0.26161048,0.57198286,0.34923553,0.34933677,4.0580816,0.0025099076,0.0025101046,0.0025105125,0.090151645,0.0,0.0,0.0,0.0,0.0,0.00022248998,0.011967729,0.033843298,0.0,0.0,0.0,0.0,0.0,0.0
1878846468,-0.006782055,0.04091978,0.15842296,-0.04147339,0.09790039,0.32464218,0.0013278723,-0.008137979,-0.017087817,0.042286083,0.0,0.0,0.0,0.0,0.0,0.2616951,0.26163107,0.5719298,0.34959623,0.34969872,4.057755,0.0025098794,0.0025100776,0.0025104727,0.09017642,0.0,0.0,0.0,0.0,0.0,0.00048178557,0.008357852,0.020776365,0.0,0.0,0.0,0.0,0.0,0.0
1879047029,-0.046742916,0.06658685,0.04004533,-0.04675293,0.093322754,0.598011,0.0013278723,-0.008137979,-0.017087817,-0.02456507,0.0,0.0,0.0,0.0,0.0,0.26169655,0.26160803,0.57192475,0.3507215,0.35081375,4.057618,0.0025098794,0.0025100776,0.0025104727,0.09017561,0.0,0.0,0.0,0.0,0.0,0.00055165426,0.007450688,0.016796157,0.0,0.0,0.0,0.0,0.0,0.0
1879251256,-0.03984499,0.077153444,-0.07848579,-0.06539917,0.095947266,-0.5576668,0.0013278723,-0.008137979,-0.017087817,-0.028429389,0.0,0.0,0.0,0.0,0.0,0.26168776,0.26157817,0.5719183,0.35064495,0.3507226,4.0576224,0.0025098794,0.0025100776,0.0025104727,0.09017487,0.0,0.0,0.0,0.0,0.0,0.00043764696,0.0109758945,0.02958312,0.0,0.0,0.0,0.0,0.0,0.0
1879452107,-0.07297659,0.06692433,0.05537804,-0.061309814,0.09716797,0.0017204285,0.0013278723,-0.008137979,-0.017087817,-0.021298796,0.0,0.0,0.0,0.0,0.0,0.26171115,0.2615878,0.5719211,0.3507215,0.35078174,4.057606,0.0025098794,0.0025100776,0.0025104727,0.090174146,0.0,0.0,0.0,0.0,0.0,0.0002503992,0.008419533,0.021181205,0.0,0.0,0.0,0.0,0.0,0.0
1879656829,-0.075442314,0.11342633,0.013965205,-0.06765747,0.09466553,-0.46629715,0.0013278723,-0.008137979,-0.017087817,0.049700573,0.0,0.0,0.0,0.0,0.0,0.26172405,0.26159808,0.57192326,0.35076147,0.350803,4.0576105,0.0025098794,0.0025100776,0.0025104727,0.0901735,0.0,0.0,0.0,0.0,0.0,0.0004131393,0.008519501,0.021696486,0.0,0.0,0.0,0.0,0.0,0.0
1879856828,-0.0527606,0.05219972,0.031415902,-0.04220581,0.093444824,0.5384178,0.0013278723,-0.008137979,-0.017087817,0.042455494,0.0,0.0,0.0,0.0,0.0,0.2617452,0.2616183,0.57192576,0.3508276,0.3508501,4.0576196,0.0025098794,0.0025100776,0.0025104727,0.09017287,0.0,0.0,0.0,0.0,0.0,0.00042259853,0.007986647,0.022858279,0.0,0.0,0.0,0.0,0.0,0.0
1880057397,-0.028881073,0.0882113,0.03769035,-0.032806396,0.090270996,0.051258087,0.0013278723,-0.008137979,-0.017087817,0.019650444,0.0,0.0,0.0,0.0,0.0,0.26173308,0.261614,0.5719276,0.35088688,0.35089102,4.057646,0.0025098794,0.0025100776,0.0025104727,0.09017223,0.0,0.0,0.0,0.0,0.0,0.00070267526,0.006698193,0.019679515,0.0,0.0,0.0,0.0,0.0,0.0
1880258563,-0.062167645,0.054988265,-0.017337684,-0.028137207,0.08905029,-0.38991928,0.0013278723,-0.008137979,-0.017087817,0.015252799,0.0,0.0,0.0,0.0,0.0,0.26171833,0.26159498,0.57193327,0.350933,0.35091957,4.057358,0.0025098794,0.0025100776,0.0025104727,0.09017168,0.0,0.0,0.0,0.0,0.0,0.0005563141,0.005975822,0.01503786,0.0,0.0,0.0,0.0,0.0,0.0
1880459209,-0.08462572,0.057938337,-0.032777518,-0.03845215,0.0803833,-0.085392,0.0013278723,-0.008137979,-0.017087817,-0.063995555,0.0,0.0,0.0,0.0,0.0,0.26171425,0.26158547,0.5719375,0.3509412,0.35091168,4.0571327,0.0025098794,0.0025100776,0.0025104727,0.09017118,0.0,0.0,0.0,0.0,0.0,0.0002330486,0.0042178463,0.009525506,0.0,0.0,0.0,0.0,0.0,0.0
1880659017,-0.038050175,0.017155886,0.06183815,-0.10952759,0.044067383,0.18709183,0.0013278723,-0.008137979,-0.017087817,0.02860044,0.0,0.0,0.0,0.0,0.0,0.26163843,0.2615051,0.5719232,0.34843773,0.34838066,4.0574703,0.0025098794,0.0025100776,0.0025104727,0.09017046,0.0,0.0,0.0,0.0,0.0,0.00044801197,0.011564106,0.029240444,0.0,0.0,0.0,0.0,0.0,0.0
1880863818,-0.038050175,0.017155886,0.06183815,-0.10952759,0.044067383,-0.30604172,0.0013278723,-0.008137979,-0.017087817,-0.022717014,0.0,0.0,0.0,0.0,0.0,0.26163843,0.2615051,0.5719232,0.34843773,0.34838066,4.0572066,0.0025098794,0.0025100776,0.0025104727,0.09016992,0.0,0.0,0.0,0.0,0.0,0.000499511,0.004644748,0.010407747,0.0,0.0,0.0,0.0,0.0,0.0
1881064884,-0.06538916,0.052803397,0.05440131,-0.037200928,0.052124023,-0.060894012,0.0013278723,-0.008137979,-0.017087817,0.033189744,0.0,0.0,0.0,0.0,0.0,0.26173452,0.26160547,0.57196283,0.34765017,0.347579,4.057257,0.0025098794,0.0025100776,0.0025104727,0.09016933,0.0,0.0,0.0,0.0,0.0,0.00044271836,0.008310478,0.0254976,0.0,0.0,0.0,0.0,0.0,0.0
1881265409,-0.04585266,0.055180788,0.13644044,-0.115600586,0.043884277,0.44898605,0.0013278723,-0.008137979,-0.017087817,0.021061078,0.0,0.0,0.0,0.0,0.0,0.26167473,0.26156262,0.5719424,0.34619933,0.34611377,4.057338,0.0025098794,0.0025100776,0.0025104727,0.090168774,0.0,0.0,0.0,0.0,0.0,0.0007650509,0.010879131,0.023153275,0.0,0.0,0.0,0.0,0.0,0.0
1881469738,-0.033314228,0.019893646,0.0163427,-0.105285645,0.041992188,-1.1825752,0.0013278723,-0.008137979,-0.017087817,-0.037956327,0.0,0.0,0.0,0.0,0.0,0.26166674,0.2615682,0.5718753,0.34730574,0.34721544,4.057127,0.0025098794,0.0025100776,0.0025104727,0.09016803,0.0,0.0,0.0,0.0,0.0,0.00036961312,0.009247014,0.021879263,0.0,0.0,0.0,0.0,0.0,0.0
1881674645,0.011246681,-0.0065523386,0.04445198,-0.025939941,0.05432129,-0.62197495,0.0013278723,-0.008137979,-0.017087817,0.013304189,0.0,0.0,0.0,0.0,0.0,0.26174062,0.26165447,0.5719189,0.34758574,0.34749144,4.0569572,0.0025098794,0.0025100776,0.0025104727,0.090167746,0.0,0.0,0.0,0.0,0.0,0.0005802396,0.004446685,0.012621518,0.0,0.0,0.0,0.0,0.0,0.0
1881875003,-0.05758381,0.005919695,0.073469676,-0.058044434,0.010986328,-0.289196,0.0013278723,-0.008137979,-0.017087817,0.05031632,0.0,0.0,0.0,0.0,0.0,0.2616719,0.26159948,0.57190216,0.3461965,0.34610358,4.0565195,0.0025098794,0.0025100776,0.0025104727,0.09016702,0.0,0.0,0.0,0.0,0.0,0.00025840846,0.0060104094,0.013622441,0.0,0.0,0.0,0.0,0.0,0.0
1882079330,-0.016245842,0.035772085,0.044488862,-0.012786865,0.0005493164,-0.07612991,0.0013278723,-0.008137979,-0.017087817,-0.04635173,0.0,0.0,0.0,0.0,0.0,0.26169688,0.2616316,0.57194215,0.3452422,0.34515008,4.0570426,0.0025098794,0.0025100776,0.0025104727,0.0901666,0.0,0.0,0.0,0.0,0.0,0.00035572177,0.004206426,0.011012279,0.0,0.0,0.0,0.0,0.0,0.0
1882280063,-0.07890558,0.054630995,-0.09667651,-0.06222534,-0.023254395,-0.09531784,0.0013278723,-0.008137979,-0.017087817,-0.037406757,0.0,0.0,0.0,0.0,0.0,0.26163423,0.26158154,0.5719251,0.34493393,0.34484628,4.056882,0.0025098794,0.0025100776,0.0025104727,0.09016617,0.0,0.0,0.0,0.0,0.0,0.0004123282,0.0062552476,0.018371817,0.0,0.0,0.0,0.0,0.0,0.0
1882484916,-0.04131651,-0.010958433,-0.019142719,-0.06311035,-0.03375244,1.0031853,0.0013278723,-0.008137979,-0.017087817,-0.017961875,0.0,0.0,0.0,0.0,0.0,0.2616525,0.26160747,0.57186496,0.34382617,0.34374246,4.0562162,0.0025098794,0.0025100776,0.0025104727,0.09016566,0.0,0.0,0.0,0.0,0.0,0.00050571846,0.0093384795,0.025786871,0.0,0.0,0.0,0.0,0.0,0.0
1882685599,-0.011038303,0.020879269,0.014151095,-0.043304443,-0.047180176,-0.61880875,0.0013278723,-0.008137979,-0.017087817,0.010859877,0.0,0.0,0.0,0.0,0.0,0.26164076,0.26160783,0.57188326,0.3438232,0.34374487,4.056364,0.0025098794,0.0025100776,0.0025104727,0.09016523,0.0,0.0,0.0,0.0,0.0,0.000265801,0.0077114427,0.020384168,0.0,0.0,0.0,0.0,0.0,0.0
1882886382,-0.034710884,0.023084044,-0.06020925,-0.030731201,-0.05340576,0.103336334,0.0013278723,-0.008137979,-0.017087817,0.033205017,0.0,0.0,0.0,0.0,0.0,0.26163667,0.26161164,0.57189894,0.34272963,0.34265754,4.0565014,0.0025098794,0.0025100776,0.0025104727,0.09016467,0.0,0.0,0.0,0.0,0.0,0.00019146646,0.01076651,0.030068476,0.0,0.0,0.0,0.0,0.0,0.0
1883090191,-0.06324482,0.0047329664,0.053347245,-0.020599365,-0.05255127,0.027072906,0.0013278723,-0.008137979,-0.017087817,0.041858807,0.0,0.0,0.0,0.0,0.0,0.26166308,0.2616455,0.5719114,0.3427127,0.34264764,4.0566216,0.0025098794,0.0025100776,0.0025104727,0.09016426,0.0,0.0,0.0,0.0,0.0,0.00048885547,0.008645241,0.02264518,0.0,0.0,0.0,0.0,0.0,0.0
1883291229,0.08832407,0.027921915,-0.043305658,-0.013183594,-0.054016113,0.28635788,0.0013278723,-0.008137979,-0.017087817,-0.00016218424,0.0,0.0,0.0,0.0,0.0,0.26168233,0.26166928,0.5719203,0.34267527,0.34261757,4.0567026,0.0025098794,0.0025100776,0.0025104727,0.090163745,0.0,0.0,0.0,0.0,0.0,0.0002747874,0.008645229,0.0210439,0.0,0.0,0.0,0.0,0.0,0.0
1883491799,-0.012979031,0.03782296,0.049644716,-0.0095825195,-0.0513916,-1.0976982,0.0013278723,-0.008137979,-0.017087817,-0.01985614,0.0,0.0,0.0,0.0,0.0,0.26169997,0.26169324,0.57192725,0.34267992,0.34262985,4.0567937,0.0025098794,0.0025100776,0.0025104727,0.090163805,0.0,0.0,0.0,0.0,0.0,0.00014040971,0.006908387,0.018443048,0.0,0.0,0.0,0.0,0.0,0.0
1883692816,-0.06449413,0.03075862,-0.0056354776,0.018981934,-0.03967285,-0.2703209,0.0013278723,-0.008137979,-0.017087817,-0.0367326,0.0,0.0,0.0,0.0,0.0,0.2617425,0.26174048,0.57195926,0.34391865,0.34387612,4.056746,0.0025098794,0.0025100776,0.0025104727,0.090163544,0.0,0.0,0.0,0.0,0.0,0.00013958193,0.005455896,0.017985914,0.0,0.0,0.0,0.0,0.0,0.0
1883892923,-0.027798176,0.035128713,0.16135074,-0.04724121,-0.04437256,-0.23962021,0.0013278723,-0.008137979,-0.017087817,-0.035975933,0.0,0.0,0.0,0.0,0.0,0.26165935,0.2616601,0.5719366,0.34364623,0.34361127,4.0566144,0.0025098794,0.0025100776,0.0025104727,0.09016318,0.0,0.0,0.0,0.0,0.0,0.00015577798,0.004443901,0.012794192,0.0,0.0,0.0,0.0,0.0,0.0
1884093709,-0.044267654,0.0047044754,0.07821404,-0.05883789,-0.030212402,0.4478569,0.0013278723,-0.008137979,-0.017087817,-0.00207448,0.0,0.0,0.0,0.0,0.0,0.2616444,0.26164785,0.571947,0.343658,0.3436298,4.056432,0.0025098794,0.0025100776,0.0025104727,0.09016284,0.0,0.0,0.0,0.0,0.0,0.00039756732,0.010414372,0.030973706,0.0,0.0,0.0,0.0,0.0,0.0
1884294475,0.018305302,0.0034729242,0.06364883,-0.06201172,-0.014953613,-0.27162552,0.0013278723,-0.008137979,-0.017087817,-0.08656989,0.0,0.0,0.0,0.0,0.0,0.2616383,0.2616423,0.57188475,0.344793,0.3447704,4.056296,0.0025098794,0.0025100776,0.0025104727,0.09016249,0.0,0.0,0.0,0.0,0.0,0.0001517965,0.004324991,0.011119763,0.0,0.0,0.0,0.0,0.0,0.0
1884498504,-0.039521694,0.042589664,0.041067768,-0.041809082,-0.003540039,0.36751938,0.0013278723,-0.008137979,-0.017087817,0.0036801845,0.0,0.0,0.0,0.0,0.0,0.2616675,0.2616716,0.5719256,0.34608224,0.34606448,4.0563564,0.0025098794,0.0025100776,0.0025104727,0.09016204,0.0,0.0,0.0,0.0,0.0,0.00019339871,0.0042628087,0.014258865,0.0,0.0,0.0,0.0,0.0,0.0
1884699301,-0.03801155,0.030759692,-0.00037328154,-0.06338501,0.0146484375,0.20222092,0.0013278723,-0.008137979,-0.017087817,0.025938869,0.0,0.0,0.0,0.0,0.0,0.26167768,0.26168227,0.5719404,0.34609994,0.34608623,4.056238,0.0025098794,0.0025100776,0.0025104727,0.09016172,0.0,0.0,0.0,0.0,0.0,0.0005826296,0.0042276676,0.012481524,0.0,0.0,0.0,0.0,0.0,0.0
1884899808,-0.015539169,0.045387268,0.053181563,-0.13153076,0.008911133,0.1482811,0.0013278723,-0.008137979,-0.017087817,0.056023613,0.0,0.0,0.0,0.0,0.0,0.26161453,0.2616193,0.57192665,0.34586278,0.34585258,4.0563765,0.0025098794,0.0025100776,0.0025104727,0.09016145,0.0,0.0,0.0,0.0,0.0,0.00068392785,0.0055129654,0.014494245,0.0,0.0,0.0,0.0,0.0,0.0
1885100841,-0.015958786,0.016498089,0.09994453,-0.1459961,0.015136719,0.77450943,0.0013278723,-0.008137979,-0.017087817,-0.0016238391,0.0,0.0,0.0,0.0,0.0,0.261638,0.26164278,0.5719421,0.34703735,0.3470301,4.056254,0.0025098794,0.0025100776,0.0025104727,0.09016106,0.0,0.0,0.0,0.0,0.0,0.00050914485,0.0069207205,0.019288644,0.0,0.0,0.0,0.0,0.0,0.0
1885301679,-0.040791035,-0.050440073,0.031654924,-0.12762451,0.029724121,0.089725494,0.0013278723,-0.008137979,-0.017087817,0.017840415,0.0,0.0,0.0,0.0,0.0,0.26168847,0.26169285,0.5719062,0.34726346,0.3472585,4.05628,0.0025098794,0.0025100776,0.0025104727,0.09016083,0.0,0.0,0.0,0.0,0.0,0.0004123452,0.007778572,0.019742422,0.0,0.0,0.0,0.0,0.0,0.0
1885505403,0.0010671616,-0.0033512115,0.024114724,-0.14019775,0.040100098,-0.19494247,0.0013278723,-0.008137979,-0.017087817,0.020604357,0.0,0.0,0.0,0.0,0.0,0.2617159,0.2617201,0.57192147,0.34839645,0.3483933,4.0562234,0.0025098794,0.0025100776,0.0025104727,0.09016047,0.0,0.0,0.0,0.0,0.0,0.00028654505,0.0066260216,0.01891365,0.0,0.0,0.0,0.0,0.0,0.0
1885706216,0.055034637,0.022565484,-0.08018373,-0.13555908,0.048217773,-0.54699326,0.0013278723,-0.008137979,-0.017087817,0.018012911,0.0,0.0,0.0,0.0,0.0,0.2617375,0.26174167,0.57193565,0.34957552,0.34957376,4.056352,0.0025098794,0.0025100776,0.0025104727,0.09016013,0.0,0.0,0.0,0.0,0.0,0.00021590691,0.009514487,0.030130606,0.0,0.0,0.0,0.0,0.0,0.0
1885911032,-0.008016586,0.03499365,0.14345509,-0.13354492,0.055114746,0.1836052,0.0013278723,-0.008137979,-0.017087817,0.016389444,0.0,0.0,0.0,0.0,0.0,0.2617535,0.26175764,0.5719477,0.35076654,0.35076585,4.056492,0.0025098794,0.0025100776,0.0025104727,0.090159774,0.0,0.0,0.0,0.0,0.0,0.00024973214,0.0057553328,0.017674848,0.0,0.0,0.0,0.0,0.0,0.0
1886111199,0.051771164,-0.038491726,0.102182016,-0.18252563,0.050842285,-0.5143471,0.0013278723,-0.008137979,-0.017087817,0.044620216,0.0,0.0,0.0,0.0,0.0,0.26171535,0.26171944,0.5719258,0.35168868,0.35168868,4.056617,0.0025098794,0.0025100776,0.0025104727,0.090159416,0.0,0.0,0.0,0.0,0.0,0.00028626775,0.007616801,0.02850555,0.0,0.0,0.0,0.0,0.0,0.0
1886312124,0.013372421,-0.035657644,0.10924857,-0.1796875,0.049682617,0.10499191,0.0013278723,-0.008137979,-0.017087817,0.04430835,0.0,0.0,0.0,0.0,0.0,0.26174253,0.26174664,0.57200825,0.35401675,0.35401735,4.05685,0.0025098794,0.0025100776,0.0025104727,0.09015935,0.0,0.0,0.0,0.0,0.0,0.00045553682,0.006427033,0.019647302,0.0,0.0,0.0,0.0,0.0,0.0
1886516862,0.010421276,0.011669874,0.04884789,-0.039276123,0.0949707,0.80412674,0.0013278723,-0.008137979,-0.017087817,0.008600041,0.0,0.0,0.0,0.0,0.0,0.2619099,0.26191434,0.5720214,0.3559977,0.35599893,4.0569124,0.0025098794,0.0025100776,0.0025104727,0.090159126,0.0,0.0,0.0,0.0,0.0,0.0001743736,0.0035014774,0.011341223,0.0,0.0,0.0,0.0,0.0,0.0
1886717603,0.014153004,-0.04884982,0.11615269,-0.1602478,0.06488037,0.62908554,0.0013278723,-0.008137979,-0.017087817,0.03849709,0.0,0.0,0.0,0.0,0.0,0.26180354,0.26180825,0.57196313,0.3566075,0.3566091,4.0567317,0.0025098794,0.0025100776,0.0025104727,0.09015891,0.0,0.0,0.0,0.0,0.0,0.0001857493,0.004384542,0.0135561265,0.0,0.0,0.0,0.0,0.0,0.0
1886917654,0.03184843,0.0064917803,0.07558192,-0.21438599,0.05657959,-0.09254837,0.0013278723,-0.008137979,-0.017087817,0.0082009435,0.0,0.0,0.0,0.0,0.0,0.2617653,0.2617704,0.5719412,0.35758764,0.35758966,4.056847,0.0025098794,0.0025100776,0.0025104727,0.09015859,0.0,0.0,0.0,0.0,0.0,0.0003268273,0.00504733,0.015845207,0.0,0.0,0.0,0.0,0.0,0.0
1887122489,0.060760498,-0.00084006786,0.053359546,-0.14865112,0.080444336,0.4020424,0.0013278723,-0.008137979,-0.017087817,-0.019364998,0.0,0.0,0.0,0.0,0.0,0.26187086,0.26187652,0.57197934,0.35914308,0.3591457,4.0569916,0.0025098794,0.0025100776,0.0025104727,0.09015818,0.0,0.0,0.0,0.0,0.0,0.0002868106,0.0035468144,0.012526342,0.0,0.0,0.0,0.0,0.0,0.0
1887323369,0.085494995,-0.06885898,0.04860936,-0.14639282,0.07751465,-0.102176666,0.0013278723,-0.008137979,-0.017087817,0.078030795,0.0,0.0,0.0,0.0,0.0,0.2619093,0.26191515,0.571985,0.36040774,0.36041084,4.0567775,0.0025098794,0.0025100776,0.0025104727,0.09015791,0.0,0.0,0.0,0.0,0.0,0.00023024254,0.0052174754,0.018009096,0.0,0.0,0.0,0.0,0.0,0.0
1887523285,0.0039362907,-0.05958259,0.026203968,-0.1479187,0.075805664,0.14674759,0.0013278723,-0.008137979,-0.017087817,0.07643618,0.0,0.0,0.0,0.0,0.0,0.26188746,0.2618931,0.5719942,0.36054277,0.3605464,4.056885,0.0025098794,0.0025100776,0.0025104727,0.09015777,0.0,0.0,0.0,0.0,0.0,0.0001994017,0.004597333,0.016296616,0.0,0.0,0.0,0.0,0.0,0.0
1887728046,0.1248436,-0.06054735,0.10123591,-0.20452881,0.058898926,-0.26488876,0.0013278723,-0.008137979,-0.017087817,-0.052505374,0.0,0.0,0.0,0.0,0.0,0.26182547,0.26183122,0.5719685,0.36033988,0.36034384,4.056843,0.0025098794,0.0025100776,0.0025104727,0.09015772,0.0,0.0,0.0,0.0,0.0,0.0002645547,0.007180052,0.02396623,0.0,0.0,0.0,0.0,0.0,0.0
1887928802,0.11989403,-0.03132522,0.055280007,-0.16339111,0.05682373,-0.077381134,0.0013278723,-0.008137979,-0.017087817,0.021600991,0.0,0.0,0.0,0.0,0.0,0.26187277,0.26187882,0.5719235,0.36061493,0.36061928,4.0566893,0.0025098794,0.0025100776,0.0025104727,0.09015744,0.0,0.0,0.0,0.0,0.0,0.00032715505,0.0023958965,0.0047986405,0.0,0.0,0.0,0.0,0.0,0.0
1888133683,0.06469202,-0.09543061,0.16228709,-0.15640259,0.04949951,-0.17697525,0.0013278723,-0.008137979,-0.017087817,0.0805736,0.0,0.0,0.0,0.0,0.0,0.26187414,0.2618806,0.5719324,0.36183047,0.36183506,4.0567913,0.0025098794,0.0025100776,0.0025104727,0.090157114,0.0,0.0,0.0,0.0,0.0,0.0006483127,0.0039176294,0.0059018633,0.0,0.0,0.0,0.0,0.0,0.0
1888334441,0.051232338,-0.031642437,0.10678744,-0.18045044,0.018920898,-0.13048935,0.0013278723,-0.008137979,-0.017087817,0.030525193,0.0,0.0,0.0,0.0,0.0,0.2618049,0.2618114,0.5719111,0.35939252,0.35939732,4.056631,0.0025098794,0.0025100776,0.0025104727,0.09015688,0.0,0.0,0.0,0.0,0.0,0.00042009543,0.008899246,0.026355822,0.0,0.0,0.0,0.0,0.0,0.0
1888534196,0.16071749,-0.039814234,0.018099613,-0.10595703,0.023620605,-0.20468521,0.0013278723,-0.008137979,-0.017087817,0.025779441,0.0,0.0,0.0,0.0,0.0,0.2618664,0.261873,0.5719517,0.3597231,0.35972816,4.0568786,0.0025098794,0.0025100776,0.0025104727,0.090156674,0.0,0.0,0.0,0.0,0.0,0.00010606291,0.0058569824,0.008867867,0.0,0.0,0.0,0.0,0.0,0.0
1888739033,0.09114504,-0.077590585,0.07930641,-0.115600586,0.01171875,0.13352585,0.0013278723,-0.008137979,-0.017087817,0.042776898,0.0,0.0,0.0,0.0,0.0,0.26182994,0.26183638,0.57195413,0.35848382,0.35848898,4.0569882,0.0025098794,0.0025100776,0.0025104727,0.09015651,0.0,0.0,0.0,0.0,0.0,0.000229246,0.010089582,0.028493783,0.0,0.0,0.0,0.0,0.0,0.0
1888940041,0.083114624,-0.048912287,0.07174942,-0.10324097,-0.0048828125,0.8870125,0.0013278723,-0.008137979,-0.017087817,0.013893098,0.0,0.0,0.0,0.0,0.0,0.26182148,0.26182792,0.5719622,0.35850382,0.3585091,4.0568204,0.0025098794,0.0025100776,0.0025104727,0.090156406,0.0,0.0,0.0,0.0,0.0,0.0005053831,0.008474188,0.02354496,0.0,0.0,0.0,0.0,0.0,0.0
1889144813,0.08152056,-0.106546044,0.023330465,-0.12142944,-0.026977539,0.26063156,0.0013278723,-0.008137979,-0.017087817,0.032919988,0.0,0.0,0.0,0.0,0.0,0.26178494,0.2617915,0.5719658,0.3583739,0.35837924,4.056793,0.0025098794,0.0025100776,0.0025104727,0.09015618,0.0,0.0,0.0,0.0,0.0,0.00051691214,0.010704145,0.030710056,0.0,0.0,0.0,0.0,0.0,0.0
1889348830,0.03450632,-0.06431663,0.032181237,-0.12704468,-0.034301758,-0.34311295,0.0013278723,-0.008137979,-0.017087817,-0.021347746,0.0,0.0,0.0,0.0,0.0,0.26175722,0.26176357,0.57197404,0.3583682,0.35837358,4.0568967,0.0025098794,0.0025100776,0.0025104727,0.090156,0.0,0.0,0.0,0.0,0.0,0.0005459432,0.0072938926,0.020796595,0.0,0.0,0.0,0.0,0.0,0.0
1889549624,0.08782911,-0.08482945,0.01228707,-0.13284302,-0.039916992,-1.0075493,0.0013278723,-0.008137979,-0.017087817,0.0045042783,0.0,0.0,0.0,0.0,0.0,0.2617656,0.26177183,0.57198375,0.35839403,0.35839945,4.0567045,0.0025098794,0.0025100776,0.0025104727,0.09015583,0.0,0.0,0.0,0.0,0.0,0.00026508956,0.008124579,0.020619135,0.0,0.0,0.0,0.0,0.0,0.0
1889750228,0.09258032,-0.07364583,0.047639832,-0.11752319,-0.04547119,-0.5788307,0.0013278723,-0.008137979,-0.017087817,-0.014142036,0.0,0.0,0.0,0.0,0.0,0.26176,0.26176584,0.571994,0.35841075,0.35841617,4.0568085,0.0025098794,0.0025100776,0.0025104727,0.09015556,0.0,0.0,0.0,0.0,0.0,0.0004082519,0.0074733594,0.017527323,0.0,0.0,0.0,0.0,0.0,0.0
1889955030,0.103713036,-0.055971265,0.13247405,-0.12463379,-0.045166016,-0.5043907,0.0013278723,-0.008137979,-0.017087817,-0.023581937,0.0,0.0,0.0,0.0,0.0,0.261777,0.26178184,0.5720023,0.3584273,0.35843265,4.0569024,0.0025098794,0.0025100776,0.0025104727,0.090155326,0.0,0.0,0.0,0.0,0.0,0.00022932119,0.0064110677,0.014998645,0.0,0.0,0.0,0.0,0.0,0.0
1890155794,0.100673676,-0.044113994,0.03779567,-0.11383057,-0.04663086,1.2707176,0.0013278723,-0.008137979,-0.017087817,-0.032828227,0.0,0.0,0.0,0.0,0.0,0.26179972,0.2618024,0.57200783,0.35953635,0.3595416,4.056991,0.0025098794,0.0025100776,0.0025104727,0.09015508,0.0,0.0,0.0,0.0,0.0,0.0004575804,0.008036841,0.023659786,0.0,0.0,0.0,0.0,0.0,0.0
1890359805,0.15618324,-0.04260266,0.08974792,-0.05291748,-0.026123047,0.44563675,0.0013278723,-0.008137979,-0.017087817,0.02521485,0.0,0.0,0.0,0.0,0.0,0.2618759,0.26187554,0.571966,0.35985854,0.3598635,4.057342,0.0025098794,0.0025100776,0.0025104727,0.09015508,0.0,0.0,0.0,0.0,0.0,0.0005336281,0.013098032,0.040078167,0.0,0.0,0.0,0.0,0.0,0.0
1890561061,0.20172405,-0.09653628,0.100042865,0.008178711,-0.017700195,-0.39915848,0.0013278723,-0.008137979,-0.017087817,0.05520548,0.0,0.0,0.0,0.0,0.0,0.2619047,0.26190156,0.5719972,0.36125708,0.3612615,4.0573564,0.0025098794,0.0025100776,0.0025104727,0.0901549,0.0,0.0,0.0,0.0,0.0,0.00044637953,0.012902894,0.028023621,0.0,0.0,0.0,0.0,0.0,0.0
1890765574,0.037888527,-0.0984261,0.0706006,-0.11148071,-0.049743652,-0.91714096,0.0013278723,-0.008137979,-0.017087817,0.013838947,0.0,0.0,0.0,0.0,0.0,0.26175356,0.26174864,0.5720137,0.36177927,0.36178285,4.0574126,0.0025098794,0.0025100776,0.0025104727,0.09015477,0.0,0.0,0.0,0.0,0.0,0.00031523698,0.007001,0.016593236,0.0,0.0,0.0,0.0,0.0,0.0
1890969642,0.07122707,-0.036876798,-0.024870276,-0.15716553,-0.06274414,0.02311325,0.0013278723,-0.008137979,-0.017087817,-0.051423818,0.0,0.0,0.0,0.0,0.0,0.2617062,0.2616995,0.57198256,0.36040843,0.3604111,4.0572166,0.0025098794,0.0025100776,0.0025104727,0.09015451,0.0,0.0,0.0,0.0,0.0,0.00025356258,0.010870464,0.033684418,0.0,0.0,0.0,0.0,0.0,0.0
1891170409,0.09836578,-0.10943127,0.13347748,-0.14154053,-0.05114746,-0.3472023,0.0013278723,-0.008137979,-0.017087817,0.01970546,0.0,0.0,0.0,0.0,0.0,0.26173216,0.26172447,0.57198656,0.35936219,0.35936385,4.057514,0.0025098794,0.0025100776,0.0025104727,0.09015433,0.0,0.0,0.0,0.0,0.0,0.00029867524,0.008745052,0.027296547,0.0,0.0,0.0,0.0,0.0,0.0
1891375389,0.16219091,-0.0556916,-0.07145592,-0.093048096,-0.04901123,0.5027275,0.0013278723,-0.008137979,-0.017087817,-0.0527976,0.0,0.0,0.0,0.0,0.0,0.26178977,0.26178253,0.57200986,0.35955635,0.35955697,4.05792,0.0025098794,0.0025100776,0.0025104727,0.090154134,0.0,0.0,0.0,0.0,0.0,0.00032496967,0.0049378215,0.010914632,0.0,0.0,0.0,0.0,0.0,0.0
1891576189,0.12099981,-0.049069524,0.098501824,-0.074279785,-0.03881836,1.9213219,0.0013278723,-0.008137979,-0.017087817,0.1037285,0.0,0.0,0.0,0.0,0.0,0.26180455,0.2617995,0.5720029,0.35958183,0.3595816,4.0579114,0.0025098794,0.0025100776,0.0025104727,0.09015397,0.0,0.0,0.0,0.0,0.0,0.00031992857,0.0111982785,0.034268834,0.0,0.0,0.0,0.0,0.0,0.0
1891780132,0.16135311,-0.056582928,0.020894758,-0.060760498,-0.030090332,-0.6119118,0.0013278723,-0.008137979,-0.017087817,-0.0071034282,0.0,0.0,0.0,0.0,0.0,0.2618016,0.2617989,0.5719948,0.35957673,0.35957593,4.0579014,0.0025098794,0.0025100776,0.0025104727,0.09015374,0.0,0.0,0.0,0.0,0.0,0.0002936568,0.0069063194,0.01654782,0.0,0.0,0.0,0.0,0.0,0.0
1891980862,0.06604624,-0.06072676,-0.001327469,-0.100494385,-0.048828125,-0.3654518,0.0013278723,-0.008137979,-0.017087817,-0.049564183,0.0,0.0,0.0,0.0,0.0,0.26175934,0.2617583,0.5720379,0.35932273,0.35932168,4.057845,0.0025098794,0.0025100776,0.0025104727,0.09015367,0.0,0.0,0.0,0.0,0.0,0.0002806014,0.0027512272,0.008387616,0.0,0.0,0.0,0.0,0.0,0.0
1892181646,0.09045076,-0.07465899,0.0135727525,-0.09249878,-0.032592773,-0.64201736,0.0013278723,-0.008137979,-0.017087817,0.07688281,0.0,0.0,0.0,0.0,0.0,0.2617985,0.26180002,0.5720312,0.3593873,0.3593863,4.057583,0.0025098794,0.0025100776,0.0025104727,0.090153456,0.0,0.0,0.0,0.0,0.0,0.00020425928,0.0018418911,0.0050781285,0.0,0.0,0.0,0.0,0.0,0.0
1892386494,0.14771175,-0.053016186,0.040997215,-0.08706665,-0.031555176,-0.35087204,0.0013278723,-0.008137979,-0.017087817,-0.022473976,0.0,0.0,0.0,0.0,0.0,0.26179457,0.26179972,0.57194966,0.35941458,0.359414,4.057326,0.0025098794,0.0025100776,0.0025104727,0.09015325,0.0,0.0,0.0,0.0,0.0,0.00019771606,0.0026909832,0.006346501,0.0,0.0,0.0,0.0,0.0,0.0
1892586526,0.14595032,-0.03964305,0.049665343,0.09301758,0.014099121,-0.7397499,0.0013278723,-0.008137979,-0.017087817,0.023211688,0.0,0.0,0.0,0.0,0.0,0.26196173,0.26197112,0.57197,0.3614451,0.36144567,4.057135,0.0025098794,0.0025100776,0.0025104727,0.09015321,0.0,0.0,0.0,0.0,0.0,0.0005310646,0.009879363,0.025417686,0.0,0.0,0.0,0.0,0.0,0.0
1892787241,0.122080326,-0.04327035,-0.020622099,0.008453369,0.03503418,1.1514397,0.0013278723,-0.008137979,-0.017087817,-0.06369388,0.0,0.0,0.0,0.0,0.0,0.26187754,0.26188874,0.57194674,0.36110312,0.3611049,4.0571733,0.0025098794,0.0025100776,0.0025104727,0.090152994,0.0,0.0,0.0,0.0,0.0,0.0004825239,0.008828907,0.02257169,0.0,0.0,0.0,0.0,0.0,0.0
1892987747,0.15142488,-0.094557405,0.03148621,-0.1184082,0.03564453,-0.92562485,0.0013278723,-0.008137979,-0.017087817,-0.060649663,0.0,0.0,0.0,0.0,0.0,0.2617428,0.26175615,0.5719693,0.35939956,0.35940257,4.0572515,0.0025098794,0.0025100776,0.0025104727,0.09015289,0.0,0.0,0.0,0.0,0.0,0.00022020673,0.014325779,0.045339096,0.0,0.0,0.0,0.0,0.0,0.0
1893188875,0.0119223595,0.008258343,0.0683512,-0.13165283,0.059020996,-0.33575058,0.0013278723,-0.008137979,-0.017087817,0.045899555,0.0,0.0,0.0,0.0,0.0,0.26175,0.26176432,0.5719777,0.35941893,0.35942337,4.0573235,0.0025098794,0.0025100776,0.0025104727,0.09015269,0.0,0.0,0.0,0.0,0.0,0.0003871395,0.0073017967,0.020291679,0.0,0.0,0.0,0.0,0.0,0.0
1893388918,0.12184334,-0.11068201,0.09480916,-0.07827759,0.0881958,0.2752571,0.0013278723,-0.008137979,-0.017087817,-0.03154862,0.0,0.0,0.0,0.0,0.0,0.26182625,0.26184127,0.57193905,0.35974705,0.35975316,4.057381,0.0025098794,0.0025100776,0.0025104727,0.09015268,0.0,0.0,0.0,0.0,0.0,0.0001522743,0.0045002443,0.015785364,0.0,0.0,0.0,0.0,0.0,0.0
1893593704,0.09068012,-0.045048952,0.032140955,-0.13851929,0.06781006,0.18254471,0.0013278723,-0.008137979,-0.017087817,0.039298847,0.0,0.0,0.0,0.0,0.0,0.26179543,0.26181048,0.5719911,0.35946417,0.3594714,4.0573874,0.0025098794,0.0025100776,0.0025104727,0.09015248,0.0,0.0,0.0,0.0,0.0,0.00026074878,0.0050697224,0.014434816,0.0,0.0,0.0,0.0,0.0,0.0
1893794396,0.10799837,-0.07689834,-0.0020377962,-0.15911865,0.0524292,-0.7622719,0.0013278723,-0.008137979,-0.017087817,0.013159767,0.0,0.0,0.0,0.0,0.0,0.26177633,0.26179078,0.5719879,0.35936725,0.3593755,4.057293,0.0025098794,0.0025100776,0.0025104727,0.09015229,0.0,0.0,0.0,0.0,0.0,5.2886924e-05,0.004057947,0.012101326,0.0,0.0,0.0,0.0,0.0,0.0
1893995320,0.10301924,-0.085326195,-0.015812652,-0.099121094,0.06048584,-0.18458939,0.0013278723,-0.008137979,-0.017087817,0.02318129,0.0,0.0,0.0,0.0,0.0,0.26184127,0.2618553,0.5719451,0.36080244,0.3608118,4.057221,0.0025098794,0.0025100776,0.0025104727,0.09015218,0.0,0.0,0.0,0.0,0.0,7.9327074e-05,0.004834164,0.018391319,0.0,0.0,0.0,0.0,0.0,0.0
1894199271,0.1106534,-0.10312128,0.03991431,-0.05718994,0.054870605,1.4321861,0.0013278723,-0.008137979,-0.017087817,-0.01018846,0.0,0.0,0.0,0.0,0.0,0.2618764,0.26188925,0.57197803,0.36098114,0.3609912,4.057304,0.0025098794,0.0025100776,0.0025104727,0.09015198,0.0,0.0,0.0,0.0,0.0,0.0002420262,0.005561212,0.018620038,0.0,0.0,0.0,0.0,0.0,0.0
1894400033,0.1343174,-0.10046053,-0.024078164,-0.04815674,0.036254883,0.37789536,0.0013278723,-0.008137979,-0.017087817,-0.032385364,0.0,0.0,0.0,0.0,0.0,0.26188248,0.26189542,0.5719861,0.36211935,0.36212996,4.057102,0.0025098794,0.0025100776,0.0025104727,0.09015197,0.0,0.0,0.0,0.0,0.0,0.0002242887,0.006567574,0.021892363,0.0,0.0,0.0,0.0,0.0,0.0
1894600858,0.14894915,-0.11549282,0.067070894,-0.0871582,0.009277344,0.32284927,0.0013278723,-0.008137979,-0.017087817,0.0024186224,0.0,0.0,0.0,0.0,0.0,0.261816,0.26182854,0.5719616,0.36186045,0.3618713,4.057406,0.0025098794,0.0025100776,0.0025104727,0.09015177,0.0,0.0,0.0,0.0,0.0,0.00032990807,0.004573582,0.012777585,0.0,0.0,0.0,0.0,0.0,0.0
1894805659,0.11680651,-0.10947454,0.014518701,-0.074645996,-0.0078125,-0.4436226,0.0013278723,-0.008137979,-0.017087817,-0.030086726,0.0,0.0,0.0,0.0,0.0,0.26180595,0.26181835,0.5720433,0.36304456,0.3630558,4.0574408,0.0025098794,0.0025100776,0.0025104727,0.09015169,0.0,0.0,0.0,0.0,0.0,0.00028193815,0.003105035,0.007838062,0.0,0.0,0.0,0.0,0.0,0.0
1895005858,0.11574459,-0.109698415,-0.0867572,-0.064697266,-0.0018920898,0.613575,0.0013278723,-0.008137979,-0.017087817,-0.03230402,0.0,0.0,0.0,0.0,0.0,0.26181883,0.2618309,0.5720424,0.364213,0.36422458,4.057473,0.0025098794,0.0025100776,0.0025104727,0.09015153,0.0,0.0,0.0,0.0,0.0,0.00039812172,0.005463816,0.016833372,0.0,0.0,0.0,0.0,0.0,0.0
1895206504,0.16850233,-0.047446728,-0.11311902,-0.09490967,-0.016601562,0.6289406,0.0013278723,-0.008137979,-0.017087817,-0.001965806,0.0,0.0,0.0,0.0,0.0,0.26176792,0.26177984,0.5720123,0.36401063,0.3640223,4.05749,0.0025098794,0.0025100776,0.0025104727,0.090151526,0.0,0.0,0.0,0.0,0.0,0.000322823,0.0030296766,0.0079413755,0.0,0.0,0.0,0.0,0.0,0.0
1895407228,0.13072777,-0.08776963,-0.04878792,-0.0012207031,-0.02557373,-0.46108627,0.0013278723,-0.008137979,-0.017087817,0.006945908,0.0,0.0,0.0,0.0,0.0,0.26187244,0.26188296,0.57196796,0.36214665,0.36215848,4.0572896,0.0025098794,0.0025100776,0.0025104727,0.090151444,0.0,0.0,0.0,0.0,0.0,0.00032767074,0.008004968,0.024242638,0.0,0.0,0.0,0.0,0.0,0.0
1895607803,0.11442566,-0.10393798,0.019804118,0.0072631836,-0.041381836,0.8370018,0.0013278723,-0.008137979,-0.017087817,-0.030777484,0.0,0.0,0.0,0.0,0.0,0.2618835,0.26189303,0.57197195,0.36101523,0.3610268,4.0572176,0.0025098794,0.0025100776,0.0025104727,0.09015136,0.0,0.0,0.0,0.0,0.0,0.00035371783,0.006065179,0.017957306,0.0,0.0,0.0,0.0,0.0,0.0
1895812015,0.0951519,-0.06037295,-0.024224993,-0.007751465,-0.047607422,-0.89297104,0.0013278723,-0.008137979,-0.017087817,0.013737842,0.0,0.0,0.0,0.0,0.0,0.26188266,0.26189035,0.571973,0.35975668,0.3597677,4.05729,0.0025098794,0.0025100776,0.0025104727,0.09015133,0.0,0.0,0.0,0.0,0.0,0.00028968113,0.009319199,0.030593436,0.0,0.0,0.0,0.0,0.0,0.0
1896012858,0.1301632,-0.08762026,0.06064359,-0.004760742,-0.055419922,-0.6248207,0.0013278723,-0.008137979,-0.017087817,-0.024041682,0.0,0.0,0.0,0.0,0.0,0.26189333,0.2618993,0.5719788,0.35863957,0.35865003,4.057319,0.0025098794,0.0025100776,0.0025104727,0.09015125,0.0,0.0,0.0,0.0,0.0,0.00037707677,0.009684747,0.03337494,0.0,0.0,0.0,0.0,0.0,0.0
1896213661,0.10103655,-0.033870697,0.10868128,0.0017089844,-0.046081543,-0.79231644,0.0013278723,-0.008137979,-0.017087817,0.0132749975,0.0,0.0,0.0,0.0,0.0,0.26188508,0.26189074,0.5719825,0.3585991,0.35860896,4.0573826,0.0025098794,0.0025100776,0.0025104727,0.09015107,0.0,0.0,0.0,0.0,0.0,0.00039653401,0.006958388,0.025989624,0.0,0.0,0.0,0.0,0.0,0.0
1896417669,0.12284756,-0.047667384,0.012871418,0.004638672,-0.040405273,-0.3202858,0.0013278723,-0.008137979,-0.017087817,0.018316612,0.0,0.0,0.0,0.0,0.0,0.2618791,0.26188487,0.57198775,0.35859117,0.3586005,4.0572076,0.0025098794,0.0025100776,0.0025104727,0.090151004,0.0,0.0,0.0,0.0,0.0,0.00034360713,0.005225112,0.019368917,0.0,0.0,0.0,0.0,0.0,0.0
1896618546,0.11669922,-0.08053994,0.13165908,-0.05078125,-0.046691895,0.352993,0.0013278723,-0.008137979,-0.017087817,-0.032525897,0.0,0.0,0.0,0.0,0.0,0.26181465,0.26182035,0.57196397,0.35718137,0.35719007,4.057249,0.0025098794,0.0025100776,0.0025104727,0.09015085,0.0,0.0,0.0,0.0,0.0,0.00027341084,0.0014096595,0.0049769855,0.0,0.0,0.0,0.0,0.0,0.0
1896819267,0.12127495,-0.042256713,-0.010462396,0.014221191,-0.032043457,-0.58270645,0.0013278723,-0.008137979,-0.017087817,0.018329442,0.0,0.0,0.0,0.0,0.0,0.26188457,0.26188987,0.5720024,0.35748228,0.35749054,4.057316,0.0025098794,0.0025100776,0.0025104727,0.090150855,0.0,0.0,0.0,0.0,0.0,0.00044106646,0.003820303,0.012496512,0.0,0.0,0.0,0.0,0.0,0.0
1897020054,0.10097933,-0.013083935,0.10510649,-0.033447266,-0.040039062,-0.15285873,0.0013278723,-0.008137979,-0.017087817,0.012986332,0.0,0.0,0.0,0.0,0.0,0.26181543,0.2618204,0.5719759,0.3571713,0.35717893,4.0573816,0.0025098794,0.0025100776,0.0025104727,0.090150945,0.0,0.0,0.0,0.0,0.0,0.0004208633,0.002366331,0.0066878945,0.0,0.0,0.0,0.0,0.0,0.0
1897220850,0.19861269,-0.06296706,0.044510778,-0.011291504,-0.04675293,-0.14366531,0.0013278723,-0.008137979,-0.017087817,-0.021580026,0.0,0.0,0.0,0.0,0.0,0.26179284,0.2617974,0.57197976,0.3560416,0.35604873,4.057442,0.0025098794,0.0025100776,0.0025104727,0.09015087,0.0,0.0,0.0,0.0,0.0,0.00030983245,0.0026526547,0.0072721257,0.0,0.0,0.0,0.0,0.0,0.0
1897420774,0.11056137,-0.047966957,0.16681623,0.06286621,-0.03503418,0.52331924,0.0013278723,-0.008137979,-0.017087817,-0.014264047,0.0,0.0,0.0,0.0,0.0,0.26186174,0.26186627,0.57201606,0.35743988,0.3574466,4.057511,0.0025098794,0.0025100776,0.0025104727,0.09015089,0.0,0.0,0.0,0.0,0.0,0.0005007034,0.005596051,0.016159575,0.0,0.0,0.0,0.0,0.0,0.0
1897625661,0.11646271,-0.0020742416,0.09524843,0.06414795,-0.02947998,-0.9358635,0.0013278723,-0.008137979,-0.017087817,0.046884403,0.0,0.0,0.0,0.0,0.0,0.26186532,0.26186952,0.5720217,0.35742056,0.35742682,4.057258,0.0025098794,0.0025100776,0.0025104727,0.09015081,0.0,0.0,0.0,0.0,0.0,0.00041382381,0.004498637,0.012767523,0.0,0.0,0.0,0.0,0.0,0.0
1897826442,0.0983448,-0.060391307,0.11025791,-0.011169434,-0.0435791,-0.50674057,0.0013278723,-0.008137979,-0.017087817,0.0046982467,0.0,0.0,0.0,0.0,0.0,0.2617754,0.261779,0.5719936,0.3582111,0.35821685,4.0573177,0.0025098794,0.0025100776,0.0025104727,0.090150654,0.0,0.0,0.0,0.0,0.0,0.00026718198,0.0015632309,0.0049911463,0.0,0.0,0.0,0.0,0.0,0.0
1898026434,0.066978455,-0.039334536,-0.074780226,-0.0028686523,-0.027709961,-0.77046585,0.0013278723,-0.008137979,-0.017087817,-0.039294317,0.0,0.0,0.0,0.0,0.0,0.26178285,0.26178688,0.5719989,0.35825863,0.358264,4.05752,0.0025098794,0.0025100776,0.0025104727,0.09015057,0.0,0.0,0.0,0.0,0.0,0.00032291928,0.0018879783,0.005647324,0.0,0.0,0.0,0.0,0.0,0.0
1898227291,0.044842243,-0.06290722,0.12895598,0.023803711,-0.01763916,0.66085434,0.0013278723,-0.008137979,-0.017087817,-0.036770448,0.0,0.0,0.0,0.0,0.0,0.26181293,0.2618172,0.5720275,0.35956022,0.3595653,4.0575733,0.0025098794,0.0025100776,0.0025104727,0.09015034,0.0,0.0,0.0,0.0,0.0,0.0003848645,0.0077924794,0.025619943,0.0,0.0,0.0,0.0,0.0,0.0
1898428172,0.04785633,-0.035412192,0.060609717,-0.02520752,-0.018737793,0.98368454,0.0013278723,-0.008137979,-0.017087817,0.041819215,0.0,0.0,0.0,0.0,0.0,0.26178646,0.26179042,0.571999,0.36043617,0.3604409,4.0578756,0.0025098794,0.0025100776,0.0025104727,0.0901502,0.0,0.0,0.0,0.0,0.0,0.00043306765,0.009038524,0.028843615,0.0,0.0,0.0,0.0,0.0,0.0
1898629034,0.0020165443,-0.014054298,0.14507426,0.1505127,0.041381836,-0.2215004,0.0013278723,-0.008137979,-0.017087817,0.016010895,0.0,0.0,0.0,0.0,0.0,0.2619765,0.26197937,0.57201284,0.3602338,0.36023837,4.0576053,0.0025098794,0.0025100776,0.0025104727,0.09015014,0.0,0.0,0.0,0.0,0.0,0.00015517412,0.0056170425,0.016217222,0.0,0.0,0.0,0.0,0.0,0.0
1898833748,0.042461395,-0.05189252,0.14638215,0.030456543,0.04107666,1.0486641,0.0013278723,-0.008137979,-0.017087817,0.0049506873,0.0,0.0,0.0,0.0,0.0,0.26183742,0.261839,0.57202786,0.3596057,0.35960972,4.0576267,0.0025098794,0.0025100776,0.0025104727,0.09015,0.0,0.0,0.0,0.0,0.0,0.00024051272,0.0064161415,0.01821952,0.0,0.0,0.0,0.0,0.0,0.0
1899037614,-0.013226986,-0.05330801,0.13687584,-0.023498535,0.023132324,-0.7819023,0.0013278723,-0.008137979,-0.017087817,0.038852423,0.0,0.0,0.0,0.0,0.0,0.26175982,0.2617608,0.57199526,0.3593471,0.3593506,4.057792,0.0025098794,0.0025100776,0.0025104727,0.09015001,0.0,0.0,0.0,0.0,0.0,0.00033795522,0.008299937,0.024425166,0.0,0.0,0.0,0.0,0.0,0.0
1899238432,0.057322025,-0.07850313,0.098776564,-0.02758789,0.028076172,0.7114296,0.0013278723,-0.008137979,-0.017087817,-0.065500155,0.0,0.0,0.0,0.0,0.0,0.26172912,0.26173037,0.5719872,0.36038858,0.36039162,4.057783,0.0025098794,0.0025100776,0.0025104727,0.09014987,0.0,0.0,0.0,0.0,0.0,0.000196362,0.011798066,0.039237387,0.0,0.0,0.0,0.0,0.0,0.0
1899439265,-0.0011281967,-0.07165098,0.07306377,0.041992188,0.032348633,-0.12119675,0.0013278723,-0.008137979,-0.017087817,-0.025233015,0.0,0.0,0.0,0.0,0.0,0.26180202,0.2618037,0.5720166,0.36073366,0.3607364,4.0578094,0.0025098794,0.0025100776,0.0025104727,0.09014982,0.0,0.0,0.0,0.0,0.0,0.0001857422,0.0042930976,0.007950986,0.0,0.0,0.0,0.0,0.0,0.0
1899643296,0.0583086,-0.030008078,0.013318374,0.010009766,0.030212402,-0.08010483,0.0013278723,-0.008137979,-0.017087817,-0.014706314,0.0,0.0,0.0,0.0,0.0,0.26173213,0.2617344,0.57198507,0.36161652,0.361619,4.057975,0.0025098794,0.0025100776,0.0025104727,0.09014975,0.0,0.0,0.0,0.0,0.0,0.00043056227,0.009333878,0.027159495,0.0,0.0,0.0,0.0,0.0,0.0
1899844093,0.09244633,-0.030395508,-0.09058854,0.061401367,0.036132812,-0.33864212,0.0013278723,-0.008137979,-0.017087817,0.0016788095,0.0,0.0,0.0,0.0,0.0,0.2617703,0.26177338,0.5720087,0.3618456,0.361848,4.0579767,0.0025098794,0.0025100776,0.0025104727,0.09014987,0.0,0.0,0.0,0.0,0.0,0.00022092233,0.003835078,0.009119425,0.0,0.0,0.0,0.0,0.0,0.0
1900044869,0.066123486,-0.035206318,0.02758126,0.14007568,0.03894043,-0.08024216,0.0013278723,-0.008137979,-0.017087817,0.06331654,0.0,0.0,0.0,0.0,0.0,0.26183406,0.26183817,0.57203615,0.36331347,0.36331594,4.057666,0.0025098794,0.0025100776,0.0025104727,0.09014973,0.0,0.0,0.0,0.0,0.0,0.00030510974,0.0042465287,0.01159684,0.0,0.0,0.0,0.0,0.0,0.0
1900245681,-0.083732605,-0.023380995,0.062845446,0.06713867,0.026306152,-0.3182335,0.0013278723,-0.008137979,-0.017087817,0.056531295,0.0,0.0,0.0,0.0,0.0,0.26177835,0.2617828,0.57200086,0.36302972,0.36303228,4.057453,0.0025098794,0.0025100776,0.0025104727,0.0901496,0.0,0.0,0.0,0.0,0.0,0.0001309128,0.006396952,0.017990923,0.0,0.0,0.0,0.0,0.0,0.0
1900449404,0.05468273,-0.040242672,0.013195002,0.07159424,0.020812988,-0.11436844,0.0013278723,-0.008137979,-0.017087817,-0.0062523335,0.0,0.0,0.0,0.0,0.0,0.2618022,0.2618075,0.5720046,0.3630968,0.36309963,4.0573783,0.0025098794,0.0025100776,0.0025104727,0.090149626,0.0,0.0,0.0,0.0,0.0,0.00018649809,0.0094331615,0.030543812,0.0,0.0,0.0,0.0,0.0,0.0
1900650579,0.086220264,-0.08848345,-0.072458364,0.058776855,0.0045166016,0.2457161,0.0013278723,-0.008137979,-0.017087817,0.0060351044,0.0,0.0,0.0,0.0,0.0,0.26177832,0.2617838,0.5720051,0.3630129,0.36301604,4.0574555,0.0025098794,0.0025100776,0.0025104727,0.090149574,0.0,0.0,0.0,0.0,0.0,0.000480909,0.0029158536,0.00959477,0.0,0.0,0.0,0.0,0.0,0.0
1900851274,-0.046858788,-0.04963076,0.14764725,0.06201172,0.005554199,0.05022049,0.0013278723,-0.008137979,-0.017087817,0.028416082,0.0,0.0,0.0,0.0,0.0,0.2618113,0.26181668,0.57201296,0.36308065,0.36308417,4.0572143,0.0025098794,0.0025100776,0.0025104727,0.090149365,0.0,0.0,0.0,0.0,0.0,0.0003268886,0.0060356846,0.018119479,0.0,0.0,0.0,0.0,0.0,0.0
1901052039,0.03680706,-0.06581783,0.052209567,0.061035156,0.0010375977,-0.23127365,0.0013278723,-0.008137979,-0.017087817,0.0092202425,0.0,0.0,0.0,0.0,0.0,0.26181448,0.2618194,0.5719407,0.36198676,0.36199072,4.057072,0.0025098794,0.0025100776,0.0025104727,0.090149246,0.0,0.0,0.0,0.0,0.0,0.00031382687,0.0035712887,0.00899811,0.0,0.0,0.0,0.0,0.0,0.0
1901255783,-0.019693375,-0.01986909,0.06677722,0.06201172,0.0072631836,1.3537712,0.0013278723,-0.008137979,-0.017087817,0.034814864,0.0,0.0,0.0,0.0,0.0,0.26182982,0.2618337,0.57195246,0.362023,0.36202732,4.0571856,0.0025098794,0.0025100776,0.0025104727,0.09014922,0.0,0.0,0.0,0.0,0.0,0.00020694296,0.007556669,0.023677453,0.0,0.0,0.0,0.0,0.0,0.0
1901456935,-0.025351524,-0.09636724,0.00015349314,0.06781006,-0.0029907227,-0.6097145,0.0013278723,-0.008137979,-0.017087817,0.014591172,0.0,0.0,0.0,0.0,0.0,0.2618275,0.2618315,0.5719647,0.36205277,0.36205733,4.0570097,0.0025098794,0.0025100776,0.0025104727,0.09014917,0.0,0.0,0.0,0.0,0.0,0.00035952186,0.0037231876,0.009644146,0.0,0.0,0.0,0.0,0.0,0.0
1901661642,-0.060207367,-0.035868645,-0.0065414757,0.0013427734,-0.004333496,-0.08761215,0.0013278723,-0.008137979,-0.017087817,0.011084601,0.0,0.0,0.0,0.0,0.0,0.26175177,0.26175484,0.57195616,0.361781,0.36178565,4.0565863,0.0025098794,0.0025100776,0.0025104727,0.09014914,0.0,0.0,0.0,0.0,0.0,0.0001868511,0.0057093604,0.011207435,0.0,0.0,0.0,0.0,0.0,0.0
1901866562,0.07899475,-0.105400205,0.005176738,0.050048828,-0.007507324,-0.32749557,0.0013278723,-0.008137979,-0.017087817,0.0067409873,0.0,0.0,0.0,0.0,0.0,0.2617857,0.26178887,0.5719935,0.3631077,0.3631124,4.0571127,0.0025098794,0.0025100776,0.0025104727,0.0901491,0.0,0.0,0.0,0.0,0.0,0.0002408076,0.004596907,0.008357416,0.0,0.0,0.0,0.0,0.0,0.0
1902067207,-0.02884245,-0.07434535,0.0700857,0.0491333,-0.0045166016,0.48646927,0.0013278723,-0.008137979,-0.017087817,-0.023358881,0.0,0.0,0.0,0.0,0.0,0.26179704,0.2618015,0.5720027,0.3631554,0.36316004,4.057212,0.0025098794,0.0025100776,0.0025104727,0.090148985,0.0,0.0,0.0,0.0,0.0,0.00030813258,0.0046013533,0.009514243,0.0,0.0,0.0,0.0,0.0,0.0
1902267032,-0.092592716,-0.05503249,0.05170696,0.038208008,0.0009765625,-0.53139114,0.0013278723,-0.008137979,-0.017087817,-0.0041882694,0.0,0.0,0.0,0.0,0.0,0.2618163,0.26182184,0.5719369,0.36432907,0.36433372,4.0570455,0.0025098794,0.0025100776,0.0025104727,0.09014887,0.0,0.0,0.0,0.0,0.0,0.0002845617,0.005762146,0.008908052,0.0,0.0,0.0,0.0,0.0,0.0
1902467810,-0.045876503,-0.07841909,0.07020904,0.022460938,-0.0026855469,-0.010700226,0.0013278723,-0.008137979,-0.017087817,-0.0022009462,0.0,0.0,0.0,0.0,0.0,0.26183122,0.26183742,0.5719476,0.36435837,0.36436307,4.0571413,0.0025098794,0.0025100776,0.0025104727,0.0901489,0.0,0.0,0.0,0.0,0.0,0.00022638243,0.006371246,0.011371783,0.0,0.0,0.0,0.0,0.0,0.0
1902672930,-0.006292343,-0.0767287,0.01582668,0.009338379,-0.008605957,-0.2349968,0.0013278723,-0.008137979,-0.017087817,-0.0015369058,0.0,0.0,0.0,0.0,0.0,0.26183298,0.26183888,0.57195634,0.36554265,0.3655475,4.0572453,0.0025098794,0.0025100776,0.0025104727,0.09014896,0.0,0.0,0.0,0.0,0.0,0.00021959847,0.0059699113,0.012971802,0.0,0.0,0.0,0.0,0.0,0.0
1902873716,-0.0062150955,-0.085915685,0.04303906,0.0087890625,-0.016662598,0.105983734,0.0013278723,-0.008137979,-0.017087817,0.0078208,0.0,0.0,0.0,0.0,0.0,0.2618474,0.26185274,0.5719671,0.36674127,0.36674625,4.0565653,0.0025098794,0.0025100776,0.0025104727,0.090148926,0.0,0.0,0.0,0.0,0.0,0.0002469934,0.006425941,0.015278417,0.0,0.0,0.0,0.0,0.0,0.0
1903073655,-0.04647398,-0.009307981,0.09055348,-0.05255127,-0.028747559,-1.1871834,0.0013278723,-0.008137979,-0.017087817,-0.00052160025,0.0,0.0,0.0,0.0,0.0,0.26179674,0.26180154,0.5719451,0.36652923,0.3665341,4.0566726,0.0025098794,0.0025100776,0.0025104727,0.09014882,0.0,0.0,0.0,0.0,0.0,0.0002861732,0.008177512,0.019583352,0.0,0.0,0.0,0.0,0.0,0.0
1903274495,-0.075247765,-0.03083527,0.06232272,-0.05706787,-0.016052246,0.030658722,0.0013278723,-0.008137979,-0.017087817,-0.001161769,0.0,0.0,0.0,0.0,0.0,0.2618125,0.26181728,0.5719551,0.36660028,0.36660507,4.056485,0.0025098794,0.0025100776,0.0025104727,0.09014872,0.0,0.0,0.0,0.0,0.0,0.00048963306,0.010580304,0.02388043,0.0,0.0,0.0,0.0,0.0,0.0
1903475260,-0.03381872,-0.06612432,0.014089926,-0.00390625,-0.016906738,1.3627205,0.0013278723,-0.008137979,-0.017087817,0.09042911,0.0,0.0,0.0,0.0,0.0,0.2619029,0.26190737,0.57199895,0.36697805,0.36698285,4.057163,0.0025098794,0.0025100776,0.0025104727,0.0901487,0.0,0.0,0.0,0.0,0.0,0.00024421635,0.012435772,0.034979537,0.0,0.0,0.0,0.0,0.0,0.0
1903675370,0.063234806,0.0026836395,-0.06973479,-0.061157227,-0.035095215,0.33247757,0.0013278723,-0.008137979,-0.017087817,-0.039207324,0.0,0.0,0.0,0.0,0.0,0.261854,0.26185808,0.57197696,0.36673233,0.36673698,4.0567164,0.0025098794,0.0025100776,0.0025104727,0.09014869,0.0,0.0,0.0,0.0,0.0,0.00014020124,0.005219529,0.018096836,0.0,0.0,0.0,0.0,0.0,0.0
1903876260,-0.118459225,-0.010390282,0.12298129,-0.07775879,-0.029296875,-0.08804703,0.0013278723,-0.008137979,-0.017087817,-0.03208798,0.0,0.0,0.0,0.0,0.0,0.26185656,0.26185992,0.5719844,0.36680582,0.3668104,4.057094,0.0025098794,0.0025100776,0.0025104727,0.09014874,0.0,0.0,0.0,0.0,0.0,0.00043977812,0.010784807,0.024334904,0.0,0.0,0.0,0.0,0.0,0.0
1904076830,-0.08290815,-0.088857055,0.10848144,-0.054870605,-0.023925781,-0.09143448,0.0013278723,-0.008137979,-0.017087817,-0.008138791,0.0,0.0,0.0,0.0,0.0,0.26190192,0.26190546,0.5720186,0.3671253,0.36712983,4.0571365,0.0025098794,0.0025100776,0.0025104727,0.09014872,0.0,0.0,0.0,0.0,0.0,0.00037258113,0.011759546,0.025473574,0.0,0.0,0.0,0.0,0.0,0.0
1904277623,0.05769539,-0.07224023,0.005479712,-0.10229492,-0.046020508,0.67668533,0.0013278723,-0.008137979,-0.017087817,-0.02561593,0.0,0.0,0.0,0.0,0.0,0.2618333,0.26183695,0.5719891,0.36684963,0.36685395,4.0572014,0.0025098794,0.0025100776,0.0025104727,0.0901486,0.0,0.0,0.0,0.0,0.0,0.0003813046,0.0085013565,0.02257546,0.0,0.0,0.0,0.0,0.0,0.0
1904481422,0.02109623,-0.05985558,0.028230842,0.008850098,-0.027709961,0.77334213,0.0013278723,-0.008137979,-0.017087817,-0.012380853,0.0,0.0,0.0,0.0,0.0,0.26195237,0.2619564,0.57205284,0.36747268,0.36747697,4.0578127,0.0025098794,0.0025100776,0.0025104727,0.090148516,0.0,0.0,0.0,0.0,0.0,0.0003574522,0.0045785126,0.010961048,0.0,0.0,0.0,0.0,0.0,0.0
1904682462,-0.0024914742,-0.03512311,0.09931946,-0.13085938,-0.051574707,0.08658981,0.0013278723,-0.008137979,-0.017087817,0.010988444,0.0,0.0,0.0,0.0,0.0,0.26182243,0.26182672,0.5719871,0.36683118,0.36683524,4.057259,0.0025098794,0.0025100776,0.0025104727,0.09014849,0.0,0.0,0.0,0.0,0.0,0.00022986264,0.006387754,0.017939042,0.0,0.0,0.0,0.0,0.0,0.0
1904883293,-0.017320156,-0.03252983,-0.04680655,-0.099487305,-0.03869629,-0.2588997,0.0013278723,-0.008137979,-0.017087817,-0.050129354,0.0,0.0,0.0,0.0,0.0,0.26186225,0.261867,0.57201433,0.36588728,0.36589128,4.057168,0.0025098794,0.0025100776,0.0025104727,0.09014846,0.0,0.0,0.0,0.0,0.0,0.00025639302,0.0074428366,0.01981628,0.0,0.0,0.0,0.0,0.0,0.0
1905084070,-0.032613754,-0.011044383,0.0119392425,-0.17297363,-0.050964355,-0.65130997,0.0013278723,-0.008137979,-0.017087817,0.03863895,0.0,0.0,0.0,0.0,0.0,0.26178363,0.26178783,0.57198507,0.36560062,0.36560446,4.0569415,0.0025098794,0.0025100776,0.0025104727,0.09014846,0.0,0.0,0.0,0.0,0.0,0.0005441417,0.012080427,0.032564122,0.0,0.0,0.0,0.0,0.0,0.0
1905284059,0.01423645,-0.016924262,-0.04697799,-0.16455078,-0.028564453,-0.9391289,0.0013278723,-0.008137979,-0.017087817,0.0034915209,0.0,0.0,0.0,0.0,0.0,0.26180756,0.26181138,0.57199025,0.36450863,0.36451244,4.057006,0.0025098794,0.0025100776,0.0025104727,0.09014852,0.0,0.0,0.0,0.0,0.0,0.0005411704,0.015138051,0.045411013,0.0,0.0,0.0,0.0,0.0,0.0
1905484872,-0.017122269,0.01136291,-0.056992,-0.17102051,-0.015258789,-0.21439743,0.0013278723,-0.008137979,-0.017087817,-0.046503216,0.0,0.0,0.0,0.0,0.0,0.2618268,0.2618306,0.5719912,0.36562738,0.36563104,4.057338,0.0025098794,0.0025100776,0.0025104727,0.09014851,0.0,0.0,0.0,0.0,0.0,0.0003618788,0.015595131,0.046002112,0.0,0.0,0.0,0.0,0.0,0.0
1905685617,0.05171585,-0.06418574,-0.07488949,-0.17449951,-0.011169434,0.10637283,0.0013278723,-0.008137979,-0.017087817,-0.009095833,0.0,0.0,0.0,0.0,0.0,0.26187038,0.26187375,0.57199025,0.3656683,0.36567187,4.05733,0.0025098794,0.0025100776,0.0025104727,0.09014841,0.0,0.0,0.0,0.0,0.0,0.00030132127,0.008896735,0.026003493,0.0,0.0,0.0,0.0,0.0,0.0
1905886253,-0.041930676,-0.023246884,0.094650626,-0.16766357,0.007446289,-0.59797287,0.0013278723,-0.008137979,-0.017087817,0.03583041,0.0,0.0,0.0,0.0,0.0,0.26189908,0.26190257,0.5719918,0.3657104,0.3657139,4.0570793,0.0025098794,0.0025100776,0.0025104727,0.0901484,0.0,0.0,0.0,0.0,0.0,0.00033994464,0.012021896,0.031237317,0.0,0.0,0.0,0.0,0.0,0.0
1906086522,-0.024422169,0.0377661,-0.039126046,-0.19366455,0.017944336,0.021053314,0.0013278723,-0.008137979,-0.017087817,0.0036859214,0.0,0.0,0.0,0.0,0.0,0.261895,0.26189852,0.57199055,0.3656072,0.3656106,4.0569944,0.0025098794,0.0025100776,0.0025104727,0.09014846,0.0,0.0,0.0,0.0,0.0,0.00045332155,0.017220985,0.04973168,0.0,0.0,0.0,0.0,0.0,0.0
1906291215,0.049635887,-0.0770272,-0.04855562,-0.17199707,-0.0018920898,0.56287766,0.013666213,0.014787756,-0.029566854,0.0024994612,0.0,0.0,0.0,0.0,0.0,0.26193956,0.26194665,0.5719966,0.36561728,0.36562428,4.0568004,0.0025298703,0.0025277627,0.0025601452,0.0901485,0.0,0.0,0.0,0.0,0.0,0.00020530268,0.007828014,0.024511317,0.0,0.0,0.0,0.0,0.0,0.0
1906500353,0.038630486,0.03583312,0.14211072,-0.120666504,0.002319336,0.75836563,-0.021703705,-0.023284275,-0.0057753325,0.0024994612,0.0,0.0,0.0,0.0,0.0,0.26189908,0.26192364,0.5720323,0.36474615,0.3647644,4.0571547,0.002526991,0.0025255906,0.0025491752,0.0901485,0.0,0.0,0.0,0.0,0.0,0.00040751052,0.008230219,0.025656195,0.0,0.0,0.0,0.0,0.0,0.0
1908510462,0.30707216,0.10089636,-0.05018746,0.2598877,0.09686279,0.16069412,-0.017826945,-0.008364727,0.029138446,0.0024994612,0.0,0.0,0.0,0.0,0.0,0.2652332,0.26245642,0.57220626,0.36224002,0.36155203,4.0580044,0.0025142187,0.0025156597,0.0025188662,0.0901485,0.0,0.0,0.0,0.0,0.0,0.0011834414,0.037603665,0.08328116,0.0,0.0,0.0,0.0,0.0,0.0
1908710544,0.24652767,0.07698631,-0.019466132,0.34558105,0.0736084,-0.35442734,-0.0030265749,-0.013716176,-0.011187971,0.0024994612,0.0,0.0,0.0,0.0,0.0,0.26555064,0.2627345,0.5722618,0.3639704,0.3630322,4.0578065,0.0025135977,0.0025149113,0.0025178813,0.0901485,0.0,0.0,0.0,0.0,0.0,0.0017668987,0.044419624,0.102624826,0.0,0.0,0.0,0.0,0.0,0.0
1908915236,0.27707958,0.016914368,-0.07171726,0.37445068,0.106933594,0.933712,-0.015573874,0.0029361248,0.026545286,0.0024994612,0.0,0.0,0.0,0.0,0.0,0.2654838,0.2628953,0.5722601,0.36638105,0.36525244,4.0575037,0.0025130217,0.0025142222,0.002516901,0.0901485,0.0,0.0,0.0,0.0,0.0,0.0021015632,0.046223465,0.10519692,0.0,0.0,0.0,0.0,0.0,0.0
1909116001,0.18551111,-0.004716873,-0.031751223,0.40057373,0.11102295,0.19212723,-0.0048722923,-0.010216244,0.012015462,0.0024994612,0.0,0.0,0.0,0.0,0.0,0.26531065,0.26310173,0.5722538,0.36898997,0.36770087,4.0575085,0.0025125796,0.0025137307,0.002516148,0.0901485,0.0,0.0,0.0,0.0,0.0,0.0021471041,0.042574372,0.100297734,0.0,0.0,0.0,0.0,0.0,0.0
1909316584,0.13493204,0.024493217,0.048410807,0.40576172,0.09588623,-0.5906105,0.00771904,-0.016875222,-0.015794128,0.0024994612,0.0,0.0,0.0,0.0,0.0,0.2650387,0.2632837,0.57223326,0.3704521,0.36906496,4.0575256,0.0025121595,0.002513301,0.0025154543,0.0901485,0.0,0.0,0.0,0.0,0.0,0.0021682482,0.039182905,0.09727252,0.0,0.0,0.0,0.0,0.0,0.0
1909516815,0.21052742,-0.0075058937,-0.004893154,0.4107666,0.08581543,-0.21789932,0.004834026,-0.0068299547,0.015525013,0.0024994612,0.0,0.0,0.0,0.0,0.0,0.26470563,0.26341957,0.57212275,0.37299812,0.37158376,4.0572667,0.002511756,0.0025129132,0.0025148117,0.0901485,0.0,0.0,0.0,0.0,0.0,0.0022313432,0.037256118,0.086303525,0.0,0.0,0.0,0.0,0.0,0.0
1909721697,0.09937763,0.011394978,-0.05307532,0.3897705,0.08929443,0.13702774,-0.0051389188,-0.004840091,0.045282602,0.0024994612,0.0,0.0,0.0,0.0,0.0,0.26440668,0.26353157,0.57209486,0.37548107,0.37410656,4.057288,0.002511317,0.0025124806,0.002514134,0.0901485,0.0,0.0,0.0,0.0,0.0,0.0018392942,0.027055196,0.06808021,0.0,0.0,0.0,0.0,0.0,0.0
1909922480,0.012212276,0.06919527,-0.015048556,0.37109375,0.08306885,0.42100906,6.145239e-05,-0.0039111227,0.02268663,0.0024994612,0.0,0.0,0.0,0.0,0.0,0.2641556,0.26362854,0.5720681,0.37682563,0.3755446,4.0573254,0.0025109178,0.0025120778,0.0025135083,0.0901485,0.0,0.0,0.0,0.0,0.0,0.0016213978,0.0193113,0.053188384,0.0,0.0,0.0,0.0,0.0,0.0
1910126417,-0.035313606,0.06436396,-0.03121879,0.25164795,0.1774292,-0.21975327,0.0010725409,-0.008409247,-0.010314673,0.0024994612,0.0,0.0,0.0,0.0,0.0,0.26383445,0.26356345,0.57206273,0.37864992,0.3775241,4.0571227,0.002510583,0.0025117323,0.002512994,0.0901485,0.0,0.0,0.0,0.0,0.0,0.0012376606,0.011519153,0.032822844,0.0,0.0,0.0,0.0,0.0,0.0
1910330977,-0.06345081,0.07526064,-0.08016624,0.1817627,0.21282959,0.06442642,-0.0041054636,-0.014013708,-0.0064275563,0.0024994612,0.0,0.0,0.0,0.0,0.0,0.2636516,0.26357782,0.5720115,0.38314784,0.38218355,4.0576663,0.0025102526,0.0025113812,0.002512465,0.0901485,0.0,0.0,0.0,0.0,0.0,0.0010602261,0.0135017885,0.028206697,0.0,0.0,0.0,0.0,0.0,0.0
1910532031,-0.019971848,0.085400105,-0.05390201,0.34301758,-0.016662598,-0.4122734,-0.017902613,0.013640411,0.038961887,0.0024994612,0.0,0.0,0.0,0.0,0.0,0.26392743,0.26400423,0.57206726,0.3884732,0.38766524,4.0576177,0.0025099851,0.0025110722,0.0025120121,0.0901485,0.0,0.0,0.0,0.0,0.0,0.00089985796,0.007638366,0.01546016,0.0,0.0,0.0,0.0,0.0,0.0
1910736788,-0.028771877,0.042826653,0.04271484,0.2218628,0.07659912,0.34614944,-0.0024395585,0.004316367,0.02686429,0.0024994612,0.0,0.0,0.0,0.0,0.0,0.26372445,0.26386428,0.5720688,0.3914104,0.39079034,4.05788,0.0025097409,0.002510778,0.0025115837,0.0901485,0.0,0.0,0.0,0.0,0.0,0.00091188384,0.006665431,0.010618407,0.0,0.0,0.0,0.0,0.0,0.0
1910936620,-0.09688234,0.068081856,0.029914327,0.17175293,0.08502197,0.32963943,0.024264455,0.010622963,4.5597553e-06,0.0024994612,0.0,0.0,0.0,0.0,0.0,0.2636993,0.26385605,0.57204837,0.3949484,0.39450315,4.057694,0.0025094876,0.0025104505,0.00251112,0.0901485,0.0,0.0,0.0,0.0,0.0,0.0007397978,0.011464463,0.02244406,0.0,0.0,0.0,0.0,0.0,0.0
1911137379,-0.14288092,0.03691244,0.11297357,0.06982422,0.16815186,0.3840294,0.023903787,-0.005797021,0.011397749,0.0024994612,0.0,0.0,0.0,0.0,0.0,0.26359436,0.26372117,0.57197845,0.39686966,0.39657608,4.0574317,0.002509273,0.0025101835,0.0025107411,0.0901485,0.0,0.0,0.0,0.0,0.0,0.00081531616,0.019861083,0.0445944,0.0,0.0,0.0,0.0,0.0,0.0
1911342402,-0.12886572,0.094584465,0.068870045,0.18066406,0.025146484,-0.9041252,0.0076307356,-0.006196007,0.024990201,0.0024994612,0.0,0.0,0.0,0.0,0.0,0.26387373,0.26393872,0.5719978,0.4004732,0.40033284,4.057409,0.0025090482,0.0025099104,0.0025103502,0.0901485,0.0,0.0,0.0,0.0,0.0,0.0008718377,0.016568616,0.031220004,0.0,0.0,0.0,0.0,0.0,0.0
1911543316,-0.11288452,0.10748625,0.07745525,0.117126465,0.06506348,-0.07155228,0.007794872,-0.004331626,-0.010204941,0.0024994612,0.0,0.0,0.0,0.0,0.0,0.2638186,0.26380512,0.5719719,0.40270576,0.40267265,4.0574346,0.0025088557,0.0025096815,0.0025100254,0.0901485,0.0,0.0,0.0,0.0,0.0,0.0007767132,0.01726689,0.035326682,0.0,0.0,0.0,0.0,0.0,0.0
1911743999,-0.14282799,0.067670345,0.024713363,0.021484375,0.1449585,-0.23328781,-0.0076927543,-0.009157494,-0.009360075,0.0024994612,0.0,0.0,0.0,0.0,0.0,0.26369953,0.26361203,0.5719955,0.4046857,0.40472898,4.057444,0.002508666,0.0025094568,0.0025096885,0.0901485,0.0,0.0,0.0,0.0,0.0,0.00079977786,0.019998567,0.04327141,0.0,0.0,0.0,0.0,0.0,0.0
1911944809,-0.21561575,0.16141558,-0.019335851,0.037475586,0.1005249,0.51472855,0.0107509345,-0.018427767,-0.023214608,0.0024994612,0.0,0.0,0.0,0.0,0.0,0.26378956,0.26362038,0.57203424,0.4064675,0.40657613,4.057464,0.0025085055,0.0025092664,0.002509408,0.0901485,0.0,0.0,0.0,0.0,0.0,0.0010922153,0.024057537,0.051182356,0.0,0.0,0.0,0.0,0.0,0.0
1912144804,-0.18993282,0.10193014,0.06459604,-0.066345215,0.18902588,-0.26166153,0.0021976084,0.011160299,0.010505736,0.0024994612,0.0,0.0,0.0,0.0,0.0,0.26366264,0.26341873,0.5719796,0.40848416,0.40862083,4.057487,0.0025083625,0.0025090969,0.0025091507,0.0901485,0.0,0.0,0.0,0.0,0.0,0.0012027579,0.027241342,0.058929015,0.0,0.0,0.0,0.0,0.0,0.0
1912349611,-0.15074873,0.10113716,0.07163955,-0.076660156,0.19482422,0.47831345,-0.015042961,0.0061509684,0.013508886,0.0024994612,0.0,0.0,0.0,0.0,0.0,0.2636856,0.2633698,0.57206637,0.4112156,0.41136828,4.057464,0.0025082063,0.0025089076,0.0025088754,0.0901485,0.0,0.0,0.0,0.0,0.0,0.0010443637,0.027215017,0.06435786,0.0,0.0,0.0,0.0,0.0,0.0
1912550434,-0.2564988,0.0862751,0.043435253,-0.022094727,0.10870361,0.89476395,0.006613821,-0.0103637725,0.0021126866,0.04874915,0.0,0.0,0.0,0.0,0.0,0.2638074,0.26341248,0.57205695,0.4133444,0.4134933,4.057479,0.0025081923,0.0025088897,0.0025088468,0.090155914,0.0,0.0,0.0,0.0,0.0,0.0014118899,0.027761085,0.061537012,0.0,0.0,0.0,0.0,0.0,0.0
1912750194,-0.18892765,0.09673357,0.011629397,-0.041503906,0.11633301,0.29402542,0.006613821,-0.0103637725,0.0021126866,0.012131751,0.0,0.0,0.0,0.0,0.0,0.26375458,0.26329702,0.57206345,0.41598007,0.41609955,4.0574946,0.0025081923,0.0025088897,0.0025088468,0.09015499,0.0,0.0,0.0,0.0,0.0,0.0013793663,0.02454607,0.055244952,0.0,0.0,0.0,0.0,0.0,0.0
1912951341,-0.15952349,0.05952978,-0.028836515,-0.054870605,0.12866211,0.23997879,0.006613821,-0.0103637725,0.0021126866,-0.033113122,0.0,0.0,0.0,0.0,0.0,0.26370895,0.26319292,0.57207096,0.41861558,0.41869354,4.0575023,0.0025081923,0.0025088897,0.0025088468,0.090154074,0.0,0.0,0.0,0.0,0.0,0.001067678,0.020588115,0.047792416,0.0,0.0,0.0,0.0,0.0,0.0
1913152051,-0.16649055,0.041915417,0.005019148,-0.08068848,0.15161133,0.3904457,0.006613821,-0.0103637725,0.0021126866,0.06273264,0.0,0.0,0.0,0.0,0.0,0.26361775,0.26305786,0.57207316,0.41988015,0.41990888,4.0573916,0.0025081923,0.0025088897,0.0025088468,0.09015303,0.0,0.0,0.0,0.0,0.0,0.0012899586,0.019530116,0.04547878,0.0,0.0,0.0,0.0,0.0,0.0
1913352797,-0.17334747,0.0694232,-0.031061916,-0.07635498,0.12902832,0.30343246,0.006613821,-0.0103637725,0.0021126866,0.066906095,0.0,0.0,0.0,0.0,0.0,0.2636078,0.26300836,0.57210755,0.4214632,0.4214347,4.057296,0.0025081923,0.0025088897,0.0025088468,0.09015193,0.0,0.0,0.0,0.0,0.0,0.0012598564,0.017787699,0.041669652,0.0,0.0,0.0,0.0,0.0,0.0
1913556946,-0.23298407,0.039438725,0.063348725,-0.098083496,0.13128662,0.16814804,0.006613821,-0.0103637725,0.0021126866,0.052642643,0.0,0.0,0.0,0.0,0.0,0.26353756,0.26291806,0.5720364,0.42403048,0.42394498,4.057268,0.0025081923,0.0025088897,0.0025088468,0.09015084,0.0,0.0,0.0,0.0,0.0,0.0010576037,0.018888552,0.04421588,0.0,0.0,0.0,0.0,0.0,0.0
1913757615,-0.11314964,0.039322853,0.031727716,-0.11444092,0.15118408,0.27703476,0.006613821,-0.0103637725,0.0021126866,-0.020784676,0.0,0.0,0.0,0.0,0.0,0.26345423,0.26282424,0.5720422,0.42648393,0.42634436,4.0570393,0.0025081923,0.0025088897,0.0025088468,0.09014982,0.0,0.0,0.0,0.0,0.0,0.001318215,0.016057145,0.039452385,0.0,0.0,0.0,0.0,0.0,0.0
1913958558,-0.11864662,0.08046341,0.01320302,-0.11621094,0.15008545,-0.16480637,0.006613821,-0.0103637725,0.0021126866,0.010131717,0.0,0.0,0.0,0.0,0.0,0.26340336,0.26277614,0.57205653,0.4291233,0.42892954,4.056864,0.0025081923,0.0025088897,0.0025088468,0.090148844,0.0,0.0,0.0,0.0,0.0,0.001114415,0.014210275,0.037322715,0.0,0.0,0.0,0.0,0.0,0.0
1914159209,-0.14009953,0.10654783,0.0060632406,-0.12420654,0.15789795,-0.27240372,0.006613821,-0.0103637725,0.0021126866,0.0588125,0.0,0.0,0.0,0.0,0.0,0.2633658,0.2627368,0.57207406,0.43176785,0.431523,4.0567594,0.0025081923,0.0025088897,0.0025088468,0.09014804,0.0,0.0,0.0,0.0,0.0,0.0011786912,0.014512645,0.037946414,0.0,0.0,0.0,0.0,0.0,0.0
1914363044,-0.10851288,0.07990837,-0.011423908,-0.11798096,0.16003418,-0.6626396,0.006613821,-0.0103637725,0.0021126866,-0.010865688,0.0,0.0,0.0,0.0,0.0,0.26330656,0.26269233,0.57209074,0.43314636,0.4328561,4.056888,0.0025081923,0.0025088897,0.0025088468,0.090147465,0.0,0.0,0.0,0.0,0.0,0.0011592621,0.011460587,0.030089837,0.0,0.0,0.0,0.0,0.0,0.0
1914564004,-0.02560091,0.046452522,0.079506375,-0.14801025,0.2020874,-0.69395065,0.006613821,-0.0103637725,0.0021126866,0.0028182864,0.0,0.0,0.0,0.0,0.0,0.2632062,0.262617,0.57207507,0.4354617,0.43513787,4.056937,0.0025081923,0.0025088897,0.0025088468,0.0901468,0.0,0.0,0.0,0.0,0.0,0.001545148,0.008897984,0.027112802,0.0,0.0,0.0,0.0,0.0,0.0
1914768888,-0.06602955,0.08039999,0.027673034,-0.1005249,0.15930176,0.35930252,0.006613821,-0.0103637725,0.0021126866,0.05935985,0.0,0.0,0.0,0.0,0.0,0.26324588,0.26267397,0.5721196,0.43722105,0.4368546,4.057367,0.0025081923,0.0025088897,0.0025088468,0.09014621,0.0,0.0,0.0,0.0,0.0,0.0011419388,0.005703727,0.016544076,0.0,0.0,0.0,0.0,0.0,0.0
1914969402,-0.10884142,0.0421381,0.09075276,-0.14025879,0.19488525,-0.15919113,0.006613821,-0.0103637725,0.0021126866,-0.033599257,0.0,0.0,0.0,0.0,0.0,0.26313955,0.26261047,0.5720958,0.4382508,0.43786553,4.0574584,0.0025081923,0.0025088897,0.0025088468,0.0901458,0.0,0.0,0.0,0.0,0.0,0.00096475275,0.0055213,0.015678203,0.0,0.0,0.0,0.0,0.0,0.0
1915169423,-0.04543686,-0.033263683,0.00440141,-0.11828613,0.17175293,0.00024032593,0.006613821,-0.0103637725,0.0021126866,-0.0043581724,0.0,0.0,0.0,0.0,0.0,0.263107,0.26262167,0.5721042,0.43966132,0.43925482,4.057522,0.0025081923,0.0025088897,0.0025088468,0.09014516,0.0,0.0,0.0,0.0,0.0,0.00073929294,0.0054091974,0.016301764,0.0,0.0,0.0,0.0,0.0,0.0
1915370411,-0.064610004,-0.02764225,0.050112672,-0.06365967,0.11193848,1.0054741,0.006613821,-0.0103637725,0.0021126866,0.020071268,0.0,0.0,0.0,0.0,0.0,0.26313198,0.26268917,0.57214063,0.44012854,0.43970257,4.057552,0.0025081923,0.0025088897,0.0025088468,0.09014445,0.0,0.0,0.0,0.0,0.0,0.00078465324,0.008099,0.022408862,0.0,0.0,0.0,0.0,0.0,0.0
1915571231,-0.04982233,0.0008125305,0.02362538,-0.053588867,0.09692383,0.13785172,0.006613821,-0.0103637725,0.0021126866,0.0068630576,0.0,0.0,0.0,0.0,0.0,0.26308304,0.26268882,0.5721438,0.44269696,0.44226867,4.057333,0.0025081923,0.0025088897,0.0025088468,0.09014384,0.0,0.0,0.0,0.0,0.0,0.0005109612,0.007946959,0.021355199,0.0,0.0,0.0,0.0,0.0,0.0
1915772018,-0.123015404,0.03863573,0.029099543,-0.095825195,0.13018799,0.8161583,0.006613821,-0.0103637725,0.0021126866,-0.13812041,0.0,0.0,0.0,0.0,0.0,0.26299122,0.26264566,0.57211727,0.4437149,0.44329634,4.0574,0.0025081923,0.0025088897,0.0025088468,0.09014335,0.0,0.0,0.0,0.0,0.0,0.0004344429,0.005217087,0.014561842,0.0,0.0,0.0,0.0,0.0,0.0
1915975804,-0.095360756,0.025582314,0.08281633,-0.049804688,0.06585693,0.1303215,0.006613821,-0.0103637725,0.0021126866,0.021069527,0.0,0.0,0.0,0.0,0.0,0.2630266,0.26271912,0.57207435,0.44537634,0.44496045,4.057338,0.0025081923,0.0025088897,0.0025088468,0.09014298,0.0,0.0,0.0,0.0,0.0,0.00051433966,0.005766953,0.015346961,0.0,0.0,0.0,0.0,0.0,0.0
1916176831,0.009494305,0.024950027,-0.01786616,-0.095336914,0.1272583,-0.69140244,0.006613821,-0.0103637725,0.0021126866,0.014550328,0.0,0.0,0.0,0.0,0.0,0.2629116,0.26264325,0.5721229,0.44748843,0.447094,4.0576634,0.0025081923,0.0025088897,0.0025088468,0.09014258,0.0,0.0,0.0,0.0,0.0,0.0003439332,0.008018205,0.021851897,0.0,0.0,0.0,0.0,0.0,0.0
1916377636,0.028067112,-0.009398937,-0.033423875,-0.06982422,0.10925293,0.074710846,0.006613821,-0.0103637725,0.0021126866,-0.15457988,0.0,0.0,0.0,0.0,0.0,0.2629105,0.26267725,0.57212603,0.44764277,0.4472637,4.0577035,0.0025081923,0.0025088897,0.0025088468,0.090142116,0.0,0.0,0.0,0.0,0.0,0.00020318788,0.007874112,0.014906457,0.0,0.0,0.0,0.0,0.0,0.0
1916578538,-0.02953291,0.0010809898,0.033567753,0.02355957,0.013244629,0.70463943,0.006613821,-0.0103637725,0.0021126866,0.03238201,0.0,0.0,0.0,0.0,0.0,0.2630456,0.262844,0.57211053,0.4496678,0.44930017,4.0577445,0.0025081923,0.0025088897,0.0025088468,0.09014179,0.0,0.0,0.0,0.0,0.0,0.00013607579,0.010725201,0.025465433,0.0,0.0,0.0,0.0,0.0,0.0
1916778513,-0.023326397,-0.011490345,0.08958258,-0.022338867,0.051574707,0.28442,0.006613821,-0.0103637725,0.0021126866,0.022380054,0.0,0.0,0.0,0.0,0.0,0.26297832,0.2628085,0.57215834,0.45062155,0.45028204,4.0575037,0.0025081923,0.0025088897,0.0025088468,0.0901417,0.0,0.0,0.0,0.0,0.0,7.513497e-05,0.009831459,0.02320189,0.0,0.0,0.0,0.0,0.0,0.0
1916979263,-0.044173717,0.020446777,0.025073865,-0.06842041,0.08520508,0.06634903,0.006613821,-0.0103637725,0.0021126866,-0.06071639,0.0,0.0,0.0,0.0,0.0,0.26294118,0.26279494,0.57213074,0.4516588,0.45134652,4.057305,0.0025081923,0.0025088897,0.0025088468,0.090141505,0.0,0.0,0.0,0.0,0.0,0.0001450709,0.01174104,0.035345744,0.0,0.0,0.0,0.0,0.0,0.0
1917180039,0.070388794,-0.043190002,0.032997552,-0.052856445,0.07147217,0.05511093,0.006613821,-0.0103637725,0.0021126866,-0.043047905,0.0,0.0,0.0,0.0,0.0,0.26296115,0.2628425,0.5720612,0.453062,0.45277402,4.05712,0.0025081923,0.0025088897,0.0025088468,0.09014169,0.0,0.0,0.0,0.0,0.0,0.00013634737,0.00947945,0.020050304,0.0,0.0,0.0,0.0,0.0,0.0
1917380913,8.6307526e-05,-0.043147087,0.01195547,-0.053222656,0.068115234,-0.50777817,0.006613821,-0.0103637725,0.0021126866,0.028162062,0.0,0.0,0.0,0.0,0.0,0.26298484,0.26288873,0.57207346,0.45443508,0.4541727,4.056956,0.0025081923,0.0025088897,0.0025088468,0.09014129,0.0,0.0,0.0,0.0,0.0,0.00015775126,0.009410632,0.020102436,0.0,0.0,0.0,0.0,0.0,0.0
1917580861,0.045011997,-0.11189461,0.03865973,-0.033996582,0.049621582,0.0023002625,0.006613821,-0.0103637725,0.0021126866,-0.027574122,0.0,0.0,0.0,0.0,0.0,0.26301372,0.26294208,0.5720902,0.45584476,0.45560864,4.0569534,0.0025081923,0.0025088897,0.0025088468,0.090141185,0.0,0.0,0.0,0.0,0.0,0.00013113105,0.011846219,0.023595126,0.0,0.0,0.0,0.0,0.0,0.0
1917785413,0.025096893,-0.001247406,0.01220092,0.008728027,0.015075684,-0.65102005,0.006613821,-0.0103637725,0.0021126866,-0.057944298,0.0,0.0,0.0,0.0,0.0,0.26305372,0.2630025,0.5720546,0.4561395,0.45592967,4.0568633,0.0025081923,0.0025088897,0.0025088468,0.090141155,0.0,0.0,0.0,0.0,0.0,0.00018301676,0.010832205,0.02472844,0.0,0.0,0.0,0.0,0.0,0.0
1917986455,-0.01809311,-0.062511444,0.03379973,0.013549805,0.0014648438,0.0451622,0.006613821,-0.0103637725,0.0021126866,-0.040483057,0.0,0.0,0.0,0.0,0.0,0.26305085,0.26301816,0.57207346,0.45877835,0.45859614,4.056996,0.0025081923,0.0025088897,0.0025088468,0.09014108,0.0,0.0,0.0,0.0,0.0,0.000256507,0.011113199,0.026437676,0.0,0.0,0.0,0.0,0.0,0.0
1918187289,-0.018316269,-0.040445328,0.06113509,0.007385254,-0.0012207031,0.13125992,0.006613821,-0.0103637725,0.0021126866,0.06572664,0.0,0.0,0.0,0.0,0.0,0.26305643,0.26303685,0.5720921,0.4614461,0.46128985,4.057143,0.0025081923,0.0025088897,0.0025088468,0.09014103,0.0,0.0,0.0,0.0,0.0,0.00024086182,0.0096008675,0.023616761,0.0,0.0,0.0,0.0,0.0,0.0
1918391292,0.04141617,-0.014073849,-0.01097801,-0.0256958,0.039245605,0.12829208,0.006613821,-0.0103637725,0.0021126866,0.04834968,0.0,0.0,0.0,0.0,0.0,0.26300025,0.26298907,0.57207316,0.46378174,0.46365032,4.057134,0.0025081923,0.0025088897,0.0025088468,0.090141006,0.0,0.0,0.0,0.0,0.0,8.368805e-05,0.007909013,0.018350648,0.0,0.0,0.0,0.0,0.0,0.0
1918592005,0.00062799454,0.025493622,-0.04521634,-0.00061035156,0.019714355,-0.56238174,0.006613821,-0.0103637725,0.0021126866,-0.06605047,0.0,0.0,0.0,0.0,0.0,0.26305646,0.26305005,0.5721117,0.46670628,0.466596,4.057218,0.0025081923,0.0025088897,0.0025088468,0.090141,0.0,0.0,0.0,0.0,0.0,0.00010711356,0.0059874463,0.01496143,0.0,0.0,0.0,0.0,0.0,0.0
1918792617,0.05458212,-0.008873463,0.06459801,-0.030944824,0.062927246,0.20531082,0.006613821,-0.0103637725,0.0021126866,0.042283714,0.0,0.0,0.0,0.0,0.0,0.26301768,0.2630148,0.5720899,0.46913934,0.46904862,4.0573277,0.0025081923,0.0025088897,0.0025088468,0.09014104,0.0,0.0,0.0,0.0,0.0,0.00017982557,0.0057349196,0.012265637,0.0,0.0,0.0,0.0,0.0,0.0
1918993780,0.08535957,-0.00028467178,0.032414556,-0.016967773,0.061767578,-0.0223732,0.006613821,-0.0103637725,0.0021126866,0.104358196,0.0,0.0,0.0,0.0,0.0,0.26304832,0.26304775,0.57209873,0.47066092,0.4705866,4.0572004,0.0025081923,0.0025088897,0.0025088468,0.09014112,0.0,0.0,0.0,0.0,0.0,0.0003387338,0.0068213963,0.014129548,0.0,0.0,0.0,0.0,0.0,0.0
1919194469,0.04830742,0.0018572807,0.05671488,-0.015319824,0.05731201,0.43243027,0.006613821,-0.0103637725,0.0021126866,0.009976089,0.0,0.0,0.0,0.0,0.0,0.26306432,0.2630658,0.5721095,0.47343475,0.47337478,4.0573153,0.0025081923,0.0025088897,0.0025088468,0.090141356,0.0,0.0,0.0,0.0,0.0,0.00011666407,0.006392097,0.01426043,0.0,0.0,0.0,0.0,0.0,0.0
1919398494,0.1168828,-0.025745392,0.06572774,0.0126953125,0.05230713,-0.18188095,0.006613821,-0.0103637725,0.0021126866,-0.04046887,0.0,0.0,0.0,0.0,0.0,0.26309386,0.26309663,0.5721196,0.47495773,0.4749101,4.0574327,0.0025081923,0.0025088897,0.0025088468,0.09014141,0.0,0.0,0.0,0.0,0.0,0.00020387398,0.01066904,0.027676873,0.0,0.0,0.0,0.0,0.0,0.0
1919599015,0.092847824,0.0056552887,0.14796396,0.030883789,0.04473877,0.57970047,0.006613821,-0.0103637725,0.0021126866,-0.025342166,0.0,0.0,0.0,0.0,0.0,0.2631047,0.2631086,0.5721304,0.47646686,0.4764301,4.0572267,0.0025081923,0.0025088897,0.0025088468,0.090141416,0.0,0.0,0.0,0.0,0.0,0.0003461386,0.008187911,0.017472468,0.0,0.0,0.0,0.0,0.0,0.0
1919800132,0.041997433,-0.00262928,0.09275153,0.08532715,-0.007751465,-0.8125038,0.006613821,-0.0103637725,0.0021126866,0.0724566,0.0,0.0,0.0,0.0,0.0,0.26316825,0.26317307,0.5720926,0.47825816,0.478231,4.057342,0.0025081923,0.0025088897,0.0025088468,0.09014136,0.0,0.0,0.0,0.0,0.0,0.00022589267,0.008717774,0.021576596,0.0,0.0,0.0,0.0,0.0,0.0
1920004055,0.047341347,-0.0058498383,0.08877124,0.054138184,0.03869629,0.1075325,0.006613821,-0.0103637725,0.0021126866,-0.054451764,0.0,0.0,0.0,0.0,0.0,0.26311624,0.2631216,0.5721501,0.4780774,0.47805846,4.0570364,0.0025081923,0.0025088897,0.0025088468,0.09014152,0.0,0.0,0.0,0.0,0.0,0.00021706305,0.0071037165,0.018062798,0.0,0.0,0.0,0.0,0.0,0.0
1920204899,-0.009577274,0.021327972,0.05345178,0.08880615,0.0025634766,0.35990524,0.006613821,-0.0103637725,0.0021126866,0.008320391,0.0,0.0,0.0,0.0,0.0,0.26315787,0.26316366,0.57210875,0.4771028,0.47709116,4.0572076,0.0025081923,0.0025088897,0.0025088468,0.090141624,0.0,0.0,0.0,0.0,0.0,0.00022391736,0.0049120425,0.013729146,0.0,0.0,0.0,0.0,0.0,0.0
1920405563,0.084089756,0.0011792183,0.16281243,0.10803223,0.0014038086,-0.20643234,0.006613821,-0.0103637725,0.0021126866,0.051033795,0.0,0.0,0.0,0.0,0.0,0.2631448,0.26315072,0.5721216,0.47719678,0.47719127,4.0572567,0.0025081923,0.0025088897,0.0025088468,0.090141736,0.0,0.0,0.0,0.0,0.0,0.00021434583,0.0076770396,0.019501192,0.0,0.0,0.0,0.0,0.0,0.0
1920610402,0.06809664,-0.0008187294,0.060672183,0.1496582,-0.046020508,-0.07857895,0.006613821,-0.0103637725,0.0021126866,-0.012901843,0.0,0.0,0.0,0.0,0.0,0.26321498,0.2632208,0.572163,0.47760528,0.47760516,4.057397,0.0025081923,0.0025088897,0.0025088468,0.0901417,0.0,0.0,0.0,0.0,0.0,0.0003308379,0.008673182,0.022151086,0.0,0.0,0.0,0.0,0.0,0.0
1920811333,0.05011463,0.04028511,-0.018115297,0.1071167,0.0020751953,0.7599144,0.006613821,-0.0103637725,0.0021126866,-0.034466743,0.0,0.0,0.0,0.0,0.0,0.26314342,0.26314875,0.57213694,0.47856313,0.47856688,4.0572248,0.0025081923,0.0025088897,0.0025088468,0.090141796,0.0,0.0,0.0,0.0,0.0,0.00031546652,0.007911079,0.023003498,0.0,0.0,0.0,0.0,0.0,0.0
1921011256,0.06168604,0.05678892,0.10535137,0.07751465,0.047607422,0.6778221,0.006613821,-0.0103637725,0.0021126866,-0.022479177,0.0,0.0,0.0,0.0,0.0,0.2630775,0.26308212,0.5721168,0.4796151,0.47962204,4.057218,0.0025081923,0.0025088897,0.0025088468,0.09014182,0.0,0.0,0.0,0.0,0.0,0.00027067552,0.0049900487,0.013307398,0.0,0.0,0.0,0.0,0.0,0.0
1921212040,0.067112446,-0.013420105,-0.014465146,0.10241699,0.0087890625,0.31013107,0.006613821,-0.0103637725,0.0021126866,-0.042504013,0.0,0.0,0.0,0.0,0.0,0.2631168,0.2631204,0.57215726,0.48120597,0.4812157,4.0570903,0.0025081923,0.0025088897,0.0025088468,0.09014191,0.0,0.0,0.0,0.0,0.0,0.0006171686,0.0060310005,0.018271647,0.0,0.0,0.0,0.0,0.0,0.0
1921412632,0.06925297,0.007214546,0.035240985,0.064941406,0.04486084,0.2575493,0.006613821,-0.0103637725,0.0021126866,-0.05105567,0.0,0.0,0.0,0.0,0.0,0.2630484,0.26305073,0.57213956,0.4822836,0.48229486,4.05722,0.0025081923,0.0025088897,0.0025088468,0.09014203,0.0,0.0,0.0,0.0,0.0,0.00039398458,0.0062310705,0.017454162,0.0,0.0,0.0,0.0,0.0,0.0
1921613684,0.11799145,0.024942875,0.098552085,0.109191895,0.008605957,-0.37273788,0.006613821,-0.0103637725,0.0021126866,-0.0017670393,0.0,0.0,0.0,0.0,0.0,0.26311234,0.26311275,0.57210374,0.4840307,0.48404312,4.0570765,0.0025081923,0.0025088897,0.0025088468,0.09014214,0.0,0.0,0.0,0.0,0.0,0.00029157527,0.00721629,0.020374125,0.0,0.0,0.0,0.0,0.0,0.0
1921817394,0.084739685,0.01020813,0.07978674,0.09637451,0.006958008,-0.27952194,0.006613821,-0.0103637725,0.0021126866,0.05969429,0.0,0.0,0.0,0.0,0.0,0.26312295,0.26312163,0.5721195,0.48544022,0.48545298,4.0572147,0.0025081923,0.0025088897,0.0025088468,0.09014232,0.0,0.0,0.0,0.0,0.0,0.0002741376,0.0052123913,0.014723192,0.0,0.0,0.0,0.0,0.0,0.0
1922018514,0.03674507,0.056385994,-0.03523937,0.047058105,0.04949951,-0.20525742,0.006613821,-0.0103637725,0.0021126866,0.01824373,0.0,0.0,0.0,0.0,0.0,0.2630782,0.26307476,0.5720999,0.48652565,0.48653805,4.0573096,0.0025081923,0.0025088897,0.0025088468,0.09014235,0.0,0.0,0.0,0.0,0.0,0.0006401064,0.0014267529,0.0036373893,0.0,0.0,0.0,0.0,0.0,0.0
1922219305,0.011462212,0.066162586,0.04835514,0.07684326,0.010009766,0.31464005,0.006613821,-0.0103637725,0.0021126866,-0.013459921,0.0,0.0,0.0,0.0,0.0,0.26317024,0.26316395,0.57214344,0.48831812,0.48833007,4.0571527,0.0025081923,0.0025088897,0.0025088468,0.090142526,0.0,0.0,0.0,0.0,0.0,0.0002644732,0.0068870657,0.022534644,0.0,0.0,0.0,0.0,0.0,0.0
1922420128,0.036482334,0.07789564,-0.01992225,0.06060791,0.026062012,-0.081279755,0.006613821,-0.0103637725,0.0021126866,-0.09778905,0.0,0.0,0.0,0.0,0.0,0.26318043,0.26317155,0.5721539,0.4897051,0.489716,4.057271,0.0025081923,0.0025088897,0.0025088468,0.090142556,0.0,0.0,0.0,0.0,0.0,0.00018773488,0.0027996604,0.009165698,0.0,0.0,0.0,0.0,0.0,0.0
1922624023,0.02803278,0.020846844,0.010938603,0.12823486,-0.050048828,-1.1330376,0.006613821,-0.0103637725,0.0021126866,-0.042241514,0.0,0.0,0.0,0.0,0.0,0.26328996,0.26327685,0.57214755,0.491794,0.4918036,4.05742,0.0025081923,0.0025088897,0.0025088468,0.09014273,0.0,0.0,0.0,0.0,0.0,0.00018535073,0.005320806,0.015166348,0.0,0.0,0.0,0.0,0.0,0.0
1922824789,0.022518158,0.017398357,0.018340182,-0.012390137,0.08105469,-0.6906166,0.006613821,-0.0103637725,0.0021126866,0.0030136108,0.0,0.0,0.0,0.0,0.0,0.26308712,0.26307204,0.5721392,0.49214226,0.49215,4.0575,0.0025081923,0.0025088897,0.0025088468,0.09014281,0.0,0.0,0.0,0.0,0.0,0.00025645093,0.008575595,0.025112282,0.0,0.0,0.0,0.0,0.0,0.0
1923025420,0.005135536,0.046649456,0.019698206,0.004638672,0.051696777,0.67284775,0.006613821,-0.0103637725,0.0021126866,0.06453222,0.0,0.0,0.0,0.0,0.0,0.2631367,0.26311895,0.5721748,0.49378517,0.49379095,4.057196,0.0025081923,0.0025088897,0.0025088468,0.09014289,0.0,0.0,0.0,0.0,0.0,0.00041530796,0.0041601253,0.010648186,0.0,0.0,0.0,0.0,0.0,0.0
1923226521,0.15633726,-0.020796776,0.058685653,0.009765625,0.057373047,0.1580391,0.006613821,-0.0103637725,0.0021126866,-0.083084464,0.0,0.0,0.0,0.0,0.0,0.26313594,0.2631171,0.572186,0.49520284,0.49520656,4.057605,0.0025081923,0.0025088897,0.0025088468,0.09014299,0.0,0.0,0.0,0.0,0.0,0.00037016874,0.0006256609,0.0043251333,0.0,0.0,0.0,0.0,0.0,0.0
1923430543,0.08704996,0.0019779205,0.05424656,0.008361816,0.057922363,-0.20034409,0.006613821,-0.0103637725,0.0021126866,0.07278913,0.0,0.0,0.0,0.0,0.0,0.26315656,0.26313925,0.5721959,0.49666122,0.49666286,4.0577073,0.0025081923,0.0025088897,0.0025088468,0.09014315,0.0,0.0,0.0,0.0,0.0,0.00024658252,0.0034111554,0.011096888,0.0,0.0,0.0,0.0,0.0,0.0
1923631379,0.048862934,0.055646896,-0.030911608,-0.076293945,0.1439209,-0.11576462,0.006613821,-0.0103637725,0.0021126866,0.005523801,0.0,0.0,0.0,0.0,0.0,0.26304904,0.2630337,0.57213914,0.4987924,0.49879247,4.057484,0.0025081923,0.0025088897,0.0025088468,0.09014316,0.0,0.0,0.0,0.0,0.0,0.00023733362,0.0040990477,0.012977546,0.0,0.0,0.0,0.0,0.0,0.0
1923832079,0.033483982,0.027059555,0.026973289,0.006225586,0.048950195,0.80311203,0.006613821,-0.0103637725,0.0021126866,0.023956299,0.0,0.0,0.0,0.0,0.0,0.26321176,0.26319748,0.5722131,0.5010132,0.5010114,4.057569,0.0025081923,0.0025088897,0.0025088468,0.09014334,0.0,0.0,0.0,0.0,0.0,0.00021823353,0.005961081,0.019380873,0.0,0.0,0.0,0.0,0.0,0.0
1924032852,0.13041449,0.0011706352,-0.051390156,0.010498047,0.045837402,-0.23476028,0.006613821,-0.0103637725,0.0021126866,-0.06916559,0.0,0.0,0.0,0.0,0.0,0.26320484,0.26318973,0.5721367,0.5037868,0.5037834,4.0577087,0.0025081923,0.0025088897,0.0025088468,0.09014336,0.0,0.0,0.0,0.0,0.0,0.00020411858,0.0014201903,0.006663397,0.0,0.0,0.0,0.0,0.0,0.0
1924232831,0.043034554,0.01150465,-0.12611327,-0.030517578,0.08959961,-0.6522484,0.006613821,-0.0103637725,0.0021126866,-0.013357937,0.0,0.0,0.0,0.0,0.0,0.2631541,0.26313683,0.5721928,0.5062839,0.506279,4.0576596,0.0025081923,0.0025088897,0.0025088468,0.09014344,0.0,0.0,0.0,0.0,0.0,0.00038041946,0.005911956,0.014556733,0.0,0.0,0.0,0.0,0.0,0.0
1924433691,0.019378662,0.019297123,0.03278865,0.011962891,0.0625,-0.25735092,0.006613821,-0.0103637725,0.0021126866,-0.029767454,0.0,0.0,0.0,0.0,0.0,0.263207,0.2631868,0.5721461,0.50799644,0.5079896,4.0576854,0.0025081923,0.0025088897,0.0025088468,0.09014353,0.0,0.0,0.0,0.0,0.0,0.00033048575,0.0035579228,0.010855554,0.0,0.0,0.0,0.0,0.0,0.0
1924638469,0.046633244,0.033691883,-0.044863638,-0.0018920898,0.08203125,0.4917488,0.006613821,-0.0103637725,0.0021126866,0.056538522,0.0,0.0,0.0,0.0,0.0,0.26318204,0.2631578,0.57222813,0.5093431,0.50933415,4.057951,0.0025081923,0.0025088897,0.0025088468,0.09014375,0.0,0.0,0.0,0.0,0.0,0.00029865358,0.0036588262,0.009522279,0.0,0.0,0.0,0.0,0.0,0.0
1924839246,0.09860802,-0.023759365,-0.02048778,0.019042969,0.07574463,-0.2851982,0.006613821,-0.0103637725,0.0021126866,-0.010076821,0.0,0.0,0.0,0.0,0.0,0.26319143,0.2631627,0.572231,0.5108371,0.5108258,4.0577307,0.0025081923,0.0025088897,0.0025088468,0.09014394,0.0,0.0,0.0,0.0,0.0,0.00015789358,0.0014128241,0.0035303247,0.0,0.0,0.0,0.0,0.0,0.0
1925039231,0.07414913,0.052182198,0.0011335779,0.005554199,0.114990234,0.09421921,0.006613821,-0.0103637725,0.0021126866,-0.01545018,0.0,0.0,0.0,0.0,0.0,0.26315364,0.26312295,0.5722027,0.51202846,0.512015,4.057533,0.0025081923,0.0025088897,0.0025088468,0.090144046,0.0,0.0,0.0,0.0,0.0,0.0005561609,0.0017907503,0.0052190023,0.0,0.0,0.0,0.0,0.0,0.0
1925239983,0.09671116,0.010833263,-0.019261712,0.07342529,0.06463623,-0.47250748,0.006613821,-0.0103637725,0.0021126866,0.08054656,0.0,0.0,0.0,0.0,0.0,0.2632389,0.2632064,0.57216364,0.5152723,0.51525587,4.057605,0.0025081923,0.0025088897,0.0025088468,0.09014406,0.0,0.0,0.0,0.0,0.0,0.00048357475,0.006574582,0.020883976,0.0,0.0,0.0,0.0,0.0,0.0
1925444609,0.06808233,0.0018439293,0.01335448,0.07714844,0.061645508,0.20783615,0.006613821,-0.0103637725,0.0021126866,-0.07832891,0.0,0.0,0.0,0.0,0.0,0.26325148,0.26321784,0.57217276,0.51815677,0.51813775,4.0576935,0.0025081923,0.0025088897,0.0025088468,0.09014412,0.0,0.0,0.0,0.0,0.0,0.00040803538,0.002014893,0.0064779446,0.0,0.0,0.0,0.0,0.0,0.0
1925645722,0.025693893,0.00013399124,-0.032853134,0.034851074,0.10321045,-0.12759018,0.006613821,-0.0103637725,0.0021126866,-0.03616023,0.0,0.0,0.0,0.0,0.0,0.26320773,0.2631747,0.5722269,0.5206882,0.5206673,4.0577583,0.0025081923,0.0025088897,0.0025088468,0.0901442,0.0,0.0,0.0,0.0,0.0,0.00020686231,0.0020447455,0.005553214,0.0,0.0,0.0,0.0,0.0,0.0
1925850585,0.16283798,-0.03966379,0.045696583,0.04119873,0.10211182,0.4684639,0.006613821,-0.0103637725,0.0021126866,0.010527492,0.0,0.0,0.0,0.0,0.0,0.26323238,0.2631992,0.57214993,0.52364904,0.52362597,4.0575986,0.0025081923,0.0025088897,0.0025088468,0.09014422,0.0,0.0,0.0,0.0,0.0,0.00030335045,0.002198149,0.0045901383,0.0,0.0,0.0,0.0,0.0,0.0
1926050432,0.14902925,-0.0065107346,0.010545338,0.064819336,0.095336914,-0.043880463,0.006613821,-0.0103637725,0.0021126866,0.005366564,0.0,0.0,0.0,0.0,0.0,0.26326603,0.26323524,0.57215875,0.5279906,0.5279658,4.0576835,0.0025081923,0.0025088897,0.0025088468,0.090144195,0.0,0.0,0.0,0.0,0.0,0.0007096741,0.0026934205,0.005896535,0.0,0.0,0.0,0.0,0.0,0.0
1926255234,0.079900265,0.024908066,0.03248731,0.101501465,0.05480957,0.5290489,0.006613821,-0.0103637725,0.0021126866,0.0018936396,0.0,0.0,0.0,0.0,0.0,0.26334333,0.26331413,0.5721992,0.5313301,0.53130347,4.0577745,0.0025081923,0.0025088897,0.0025088468,0.09014426,0.0,0.0,0.0,0.0,0.0,0.00100976,0.0056886966,0.017738564,0.0,0.0,0.0,0.0,0.0,0.0
1926456101,0.10087252,-0.029842377,0.08374035,0.09954834,0.05078125,0.34838486,0.006613821,-0.0103637725,0.0021126866,-0.06380063,0.0,0.0,0.0,0.0,0.0,0.263357,0.26333132,0.5722074,0.53291535,0.53288794,4.0578346,0.0025081923,0.0025088897,0.0025088468,0.09014425,0.0,0.0,0.0,0.0,0.0,0.0008345559,0.0048442213,0.014263246,0.0,0.0,0.0,0.0,0.0,0.0
1926656896,0.018099785,-0.0047388077,-0.033822384,0.057250977,0.08282471,0.10712814,0.006613821,-0.0103637725,0.0021126866,-0.08828932,0.0,0.0,0.0,0.0,0.0,0.2633098,0.2632885,0.5721892,0.5399045,0.53987706,4.0576677,0.0025081923,0.0025088897,0.0025088468,0.09014425,0.0,0.0,0.0,0.0,0.0,0.00041666257,0.0038843586,0.01139287,0.0,0.0,0.0,0.0,0.0,0.0
1926860865,0.018099785,-0.0047388077,-0.033822384,0.057250977,0.08282471,0.22642899,0.006613821,-0.0103637725,0.0021126866,0.064397156,0.0,0.0,0.0,0.0,0.0,0.2633098,0.2632885,0.5721892,0.5399045,0.53987706,4.057628,0.0025081923,0.0025088897,0.0025088468,0.09014439,0.0,0.0,0.0,0.0,0.0,0.00012277912,0.00815659,0.023939328,0.0,0.0,0.0,0.0,0.0,0.0
1927061659,0.06054592,0.0388093,0.016258832,0.09112549,0.06488037,0.42635727,0.006613821,-0.0103637725,0.0021126866,-0.009126484,0.0,0.0,0.0,0.0,0.0,0.26334187,0.26332247,0.5721457,0.54310596,0.54307866,4.0577126,0.0025081923,0.0025088897,0.0025088468,0.09014448,0.0,0.0,0.0,0.0,0.0,0.00023119593,0.0023965477,0.0044966657,0.0,0.0,0.0,0.0,0.0,0.0
1927262562,0.06001854,0.014865875,0.12450251,0.08660889,0.0715332,0.14631271,0.006613821,-0.0103637725,0.0021126866,0.030581295,0.0,0.0,0.0,0.0,0.0,0.263358,0.26334062,0.5721557,0.5460885,0.5460619,4.057525,0.0025081923,0.0025088897,0.0025088468,0.090144545,0.0,0.0,0.0,0.0,0.0,0.0001966854,0.005580513,0.016043818,0.0,0.0,0.0,0.0,0.0,0.0
1927467231,0.03376627,0.038301468,0.13554682,0.087646484,0.059143066,0.21171188,0.006613821,-0.0103637725,0.0021126866,0.013796985,0.0,0.0,0.0,0.0,0.0,0.26340428,0.26339063,0.57217413,0.5507469,0.55072206,4.057618,0.0025081923,0.0025088897,0.0025088468,0.09014463,0.0,0.0,0.0,0.0,0.0,0.00035270976,0.0047221794,0.012734191,0.0,0.0,0.0,0.0,0.0,0.0
1927671225,0.09168959,-0.016818047,0.07639867,0.083740234,0.05126953,0.18128586,0.006613821,-0.0103637725,0.0021126866,-0.034356534,0.0,0.0,0.0,0.0,0.0,0.26341045,0.2633983,0.5721858,0.55235744,0.5523337,4.0574417,0.0025081923,0.0025088897,0.0025088468,0.090144694,0.0,0.0,0.0,0.0,0.0,0.00037038862,0.007818174,0.019151928,0.0,0.0,0.0,0.0,0.0,0.0
1927871788,-0.022996426,0.04912758,-0.04900615,0.07208252,0.0625,-0.48649216,0.006613821,-0.0103637725,0.0021126866,0.079137206,0.0,0.0,0.0,0.0,0.0,0.26341373,0.26340222,0.5721937,0.5553272,0.5553045,4.0575614,0.0025081923,0.0025088897,0.0025088468,0.09014477,0.0,0.0,0.0,0.0,0.0,0.00024215668,0.003960942,0.010700865,0.0,0.0,0.0,0.0,0.0,0.0
1928072886,0.0012044907,0.04611206,-0.015431611,0.014587402,0.10412598,-0.7119484,0.006613821,-0.0103637725,0.0021126866,0.02545923,0.0,0.0,0.0,0.0,0.0,0.26335904,0.26334885,0.57217395,0.5565887,0.5565674,4.0573936,0.0025081923,0.0025088897,0.0025088468,0.09014499,0.0,0.0,0.0,0.0,0.0,0.0002297661,0.010721048,0.030137468,0.0,0.0,0.0,0.0,0.0,0.0
1928273729,-0.00060367584,0.0099749565,-0.0018709544,0.013793945,0.099487305,0.58507156,0.006613821,-0.0103637725,0.0021126866,0.05072683,0.0,0.0,0.0,0.0,0.0,0.2633862,0.26337647,0.57218707,0.5582264,0.5582061,4.0575175,0.0025081923,0.0025088897,0.0025088468,0.090144984,0.0,0.0,0.0,0.0,0.0,0.00045517142,0.009673732,0.027310573,0.0,0.0,0.0,0.0,0.0,0.0
1928477413,-0.00060367584,0.0099749565,-0.0018709544,0.013793945,0.099487305,0.10202408,0.006613821,-0.0103637725,0.0021126866,-0.018779755,0.0,0.0,0.0,0.0,0.0,0.2633862,0.26337647,0.57218707,0.5582264,0.5582061,4.057623,0.0025081923,0.0025088897,0.0025088468,0.09014498,0.0,0.0,0.0,0.0,0.0,0.000310828,0.010581843,0.032257732,0.0,0.0,0.0,0.0,0.0,0.0
1928678578,0.06863546,0.004108906,-0.006722431,0.046936035,0.06542969,-0.17573929,0.006613821,-0.0103637725,0.0021126866,0.0151565075,0.0,0.0,0.0,0.0,0.0,0.26346463,0.26345652,0.5721575,0.56164235,0.56162405,4.056899,0.0025081923,0.0025088897,0.0025088468,0.09014505,0.0,0.0,0.0,0.0,0.0,0.00030732004,0.0064437822,0.022672532,0.0,0.0,0.0,0.0,0.0,0.0
1928879195,0.01632309,-0.051586628,0.08527328,0.009460449,0.09564209,-0.074481964,0.006613821,-0.0103637725,0.0021126866,0.053271413,0.0,0.0,0.0,0.0,0.0,0.2634381,0.26343092,0.5721398,0.56287545,0.56285846,4.0567493,0.0025081923,0.0025088897,0.0025088468,0.09014492,0.0,0.0,0.0,0.0,0.0,0.00043081676,0.005473725,0.020585539,0.0,0.0,0.0,0.0,0.0,0.0
1929084136,0.04566145,-0.022576332,0.05813224,0.009094238,0.08972168,-0.15959549,0.006613821,-0.0103637725,0.0021126866,-0.009416401,0.0,0.0,0.0,0.0,0.0,0.26346335,0.26345667,0.5721542,0.5644875,0.56447154,4.0568824,0.0025081923,0.0025088897,0.0025088468,0.090144984,0.0,0.0,0.0,0.0,0.0,0.0002585084,0.0029655816,0.011750021,0.0,0.0,0.0,0.0,0.0,0.0
1929287818,0.019681454,0.024252415,0.07212664,-0.003540039,0.095825195,-0.119960785,0.006613821,-0.0103637725,0.0021126866,-0.05860901,0.0,0.0,0.0,0.0,0.0,0.2634568,0.26345032,0.57215744,0.5659193,0.5659043,4.0571337,0.0025081923,0.0025088897,0.0025088468,0.090145275,0.0,0.0,0.0,0.0,0.0,0.00027214465,0.004710704,0.014969582,0.0,0.0,0.0,0.0,0.0,0.0
1929488823,0.061561108,-0.016067982,0.03478664,0.013427734,0.089782715,0.29069138,0.006613821,-0.0103637725,0.0021126866,-0.07516092,0.0,0.0,0.0,0.0,0.0,0.26347914,0.26347268,0.5721645,0.567503,0.5674889,4.057237,0.0025081923,0.0025088897,0.0025088468,0.09014526,0.0,0.0,0.0,0.0,0.0,0.00023987546,0.002386014,0.007943852,0.0,0.0,0.0,0.0,0.0,0.0
1929689670,0.033207893,-0.02113533,0.07895382,0.027832031,0.07397461,0.12517166,0.006613821,-0.0103637725,0.0021126866,0.09643859,0.0,0.0,0.0,0.0,0.0,0.26350757,0.26350114,0.5721719,0.5676914,0.5676781,4.057303,0.0025081923,0.0025088897,0.0025088468,0.09014531,0.0,0.0,0.0,0.0,0.0,0.00019368285,0.006631878,0.020399312,0.0,0.0,0.0,0.0,0.0,0.0
1929890214,0.0029969215,0.010766506,0.0662064,0.030212402,0.067871094,0.23195267,0.006613821,-0.0103637725,0.0021126866,0.10758734,0.0,0.0,0.0,0.0,0.0,0.2635096,0.26350316,0.57217824,0.5692716,0.56925887,4.05739,0.0025081923,0.0025088897,0.0025088468,0.090145215,0.0,0.0,0.0,0.0,0.0,0.00037181083,0.006388226,0.019421363,0.0,0.0,0.0,0.0,0.0,0.0
1930094422,0.10395956,-0.08396244,0.0023660734,0.03479004,0.048095703,0.17157364,0.006613821,-0.0103637725,0.0021126866,0.053154707,0.0,0.0,0.0,0.0,0.0,0.2635206,0.2635143,0.5721834,0.5694237,0.5694114,4.0574703,0.0025081923,0.0025088897,0.0025088468,0.090145305,0.0,0.0,0.0,0.0,0.0,0.00025362818,0.006107683,0.016829725,0.0,0.0,0.0,0.0,0.0,0.0
1930295013,0.025214195,-0.019818306,0.06638636,0.03564453,0.041748047,0.31915665,0.006613821,-0.0103637725,0.0021126866,-0.03328401,0.0,0.0,0.0,0.0,0.0,0.26350287,0.26349664,0.5721861,0.5709401,0.5709283,4.057228,0.0025081923,0.0025088897,0.0025088468,0.09014545,0.0,0.0,0.0,0.0,0.0,0.00022609903,0.0056291698,0.018058775,0.0,0.0,0.0,0.0,0.0,0.0
1930495997,-0.015368938,-0.024677753,-0.040512107,0.025512695,0.056396484,-0.41326523,0.006613821,-0.0103637725,0.0021126866,0.0029272437,0.0,0.0,0.0,0.0,0.0,0.26346982,0.26346368,0.57218546,0.5737473,0.57373595,4.0572133,0.0025081923,0.0025088897,0.0025088468,0.09014567,0.0,0.0,0.0,0.0,0.0,0.00013466277,0.0036702112,0.0071153133,0.0,0.0,0.0,0.0,0.0,0.0
1930700772,0.052208424,-0.024862766,-0.08795799,0.048217773,0.028564453,0.5270195,0.006613821,-0.0103637725,0.0021126866,-0.119505644,0.0,0.0,0.0,0.0,0.0,0.26349595,0.2634901,0.5722199,0.57551354,0.5755026,4.05717,0.0025081923,0.0025088897,0.0025088468,0.090145715,0.0,0.0,0.0,0.0,0.0,0.00033450554,0.0030783287,0.008049532,0.0,0.0,0.0,0.0,0.0,0.0
1930901365,0.052990913,-0.035644054,0.010645533,0.0015869141,0.066101074,0.24177933,0.006613821,-0.0103637725,0.0021126866,-0.0388512,0.0,0.0,0.0,0.0,0.0,0.2634476,0.2634422,0.5721953,0.5752921,0.5752817,4.057267,0.0025081923,0.0025088897,0.0025088468,0.090145774,0.0,0.0,0.0,0.0,0.0,0.00030353508,0.005852863,0.01989522,0.0,0.0,0.0,0.0,0.0,0.0
1931101710,0.033371925,0.014061928,0.02058061,0.0053100586,0.06365967,-0.35012436,0.006613821,-0.0103637725,0.0021126866,-0.055274248,0.0,0.0,0.0,0.0,0.0,0.26345348,0.26344815,0.5722026,0.57683945,0.5768294,4.057228,0.0025081923,0.0025088897,0.0025088468,0.09014589,0.0,0.0,0.0,0.0,0.0,0.00026711347,0.0014394101,0.0058248015,0.0,0.0,0.0,0.0,0.0,0.0
1931302453,0.018907547,-0.024954796,-0.048474643,0.023254395,0.039123535,0.43193436,0.006613821,-0.0103637725,0.0021126866,-0.11130959,0.0,0.0,0.0,0.0,0.0,0.26349726,0.26349175,0.5721578,0.57860166,0.57859176,4.0570726,0.0025081923,0.0025088897,0.0025088468,0.09014604,0.0,0.0,0.0,0.0,0.0,0.0006226775,0.006689369,0.023258924,0.0,0.0,0.0,0.0,0.0,0.0
1931507339,0.023053646,-0.035583973,0.053498544,0.021911621,0.02368164,-0.3973961,0.00071148574,0.016588055,-0.048552662,-0.044235766,0.0,0.0,0.0,0.0,0.0,0.26353714,0.26353696,0.5721696,0.58158,0.58157575,4.0571966,0.002520146,0.0025218476,0.0025343348,0.09014615,0.0,0.0,0.0,0.0,0.0,0.001041985,0.006901186,0.015715385,0.0,0.0,0.0,0.0,0.0,0.0
1931708001,0.12823057,-0.041779518,0.24195914,0.022521973,0.0178833,-0.32948685,-0.029195875,-0.025412634,-0.0054199398,-0.044235766,0.0,0.0,0.0,0.0,0.0,0.2634355,0.26344484,0.5721727,0.5830593,0.58307344,4.057305,0.0025190986,0.0025201866,0.0025310526,0.09014615,0.0,0.0,0.0,0.0,0.0,0.0011818969,0.0047726994,0.012015402,0.0,0.0,0.0,0.0,0.0,0.0
1931908135,0.026138306,0.0006055832,-0.045459285,0.024414062,0.016906738,0.5482063,-0.0062114,-0.022237822,-0.021244705,-0.044235766,0.0,0.0,0.0,0.0,0.0,0.26333246,0.2633436,0.57225704,0.58450556,0.5845334,4.057526,0.0025179798,0.0025188033,0.0025285736,0.09014615,0.0,0.0,0.0,0.0,0.0,0.0010999615,0.0057767057,0.008600331,0.0,0.0,0.0,0.0,0.0,0.0
1932108940,0.01453352,-0.056119442,0.05658101,0.014831543,0.038024902,-0.5796318,-0.009107426,0.0075115785,0.025645584,-0.044235766,0.0,0.0,0.0,0.0,0.0,0.2632767,0.26329687,0.5722491,0.5843814,0.5844194,4.05759,0.0025173477,0.0025178697,0.0025260106,0.09014615,0.0,0.0,0.0,0.0,0.0,0.0012320665,0.010082531,0.016421527,0.0,0.0,0.0,0.0,0.0,0.0
1932313685,0.002129078,-0.16822529,0.14998485,0.029724121,0.026672363,0.5294533,-0.0023647249,-0.009228189,0.0129497945,-0.044235766,0.0,0.0,0.0,0.0,0.0,0.2632626,0.26329532,0.5722407,0.585882,0.5859279,4.057617,0.0025168639,0.002517067,0.0025233896,0.09014615,0.0,0.0,0.0,0.0,0.0,0.0005801507,0.01193588,0.01710352,0.0,0.0,0.0,0.0,0.0,0.0
1932514251,0.00080800056,-0.058736324,-0.021625375,-0.013244629,0.02166748,0.15880203,0.008609794,0.020874906,0.015934497,-0.044235766,0.0,0.0,0.0,0.0,0.0,0.26327997,0.26336208,0.5721484,0.5845051,0.58455193,4.057389,0.0025163563,0.0025165102,0.0025214932,0.09014615,0.0,0.0,0.0,0.0,0.0,0.0010211134,0.010405803,0.020734135,0.0,0.0,0.0,0.0,0.0,0.0
1932714485,0.00029444695,-0.08248377,0.061314084,-0.039367676,0.022399902,0.15108871,0.004065171,0.011592837,0.013072073,-0.044235766,0.0,0.0,0.0,0.0,0.0,0.26328248,0.2635011,0.5721428,0.58164674,0.5816909,4.057179,0.0025156792,0.0025158413,0.002519828,0.09014615,0.0,0.0,0.0,0.0,0.0,0.0011960969,0.011131189,0.020108191,0.0,0.0,0.0,0.0,0.0,0.0
1932915014,0.034468174,-0.063626766,-0.056564964,-0.07922363,0.025634766,0.14627457,0.0013206154,0.0043283273,-0.018625379,-0.044235766,0.0,0.0,0.0,0.0,0.0,0.26327187,0.26371092,0.5721476,0.578712,0.5787537,4.0575104,0.0025149477,0.0025150408,0.002518522,0.09014615,0.0,0.0,0.0,0.0,0.0,0.00060875004,0.00853611,0.018596102,0.0,0.0,0.0,0.0,0.0,0.0
1933115978,0.016545892,-0.021485806,0.08104737,-0.14105225,0.1081543,-0.030071259,-0.0020064712,0.005289091,0.007620752,-0.044235766,0.0,0.0,0.0,0.0,0.0,0.2632107,0.2638911,0.5721757,0.57654995,0.5765946,4.05754,0.0025143498,0.0025142967,0.0025175486,0.09014615,0.0,0.0,0.0,0.0,0.0,0.00012344444,0.0059566614,0.021800919,0.0,0.0,0.0,0.0,0.0,0.0
1933316651,0.032276392,-0.064133644,-0.009041809,-0.12005615,0.0025634766,0.48283005,-0.025184944,-0.0038774982,0.02341935,-0.044235766,0.0,0.0,0.0,0.0,0.0,0.2634519,0.26441982,0.57218605,0.57583094,0.57589966,4.057295,0.0025138243,0.002513592,0.0025166997,0.09014615,0.0,0.0,0.0,0.0,0.0,0.00021797205,0.007157117,0.025884034,0.0,0.0,0.0,0.0,0.0,0.0
1933520806,0.04256195,0.0053606033,-0.013700718,-0.11853027,0.0057373047,0.6702156,0.00073869526,-0.008561805,-0.007059425,-0.044235766,0.0,0.0,0.0,0.0,0.0,0.2635829,0.26473168,0.572214,0.57576764,0.5758735,4.057624,0.0025132508,0.0025129176,0.0025158066,0.09014615,0.0,0.0,0.0,0.0,0.0,0.00059368584,0.009901008,0.035156026,0.0,0.0,0.0,0.0,0.0,0.0
1933725685,0.19183274,-0.065617085,-0.00732104,-0.105529785,0.055114746,0.38049698,-0.01364769,0.0007482916,-0.0026971996,-0.044235766,0.0,0.0,0.0,0.0,0.0,0.26365831,0.2648931,0.57228404,0.573918,0.5740688,4.0576525,0.0025127241,0.0025123956,0.0025150618,0.09014615,0.0,0.0,0.0,0.0,0.0,0.00024386325,0.010622106,0.03748196,0.0,0.0,0.0,0.0,0.0,0.0
1933926457,0.057765573,-0.111260414,-0.05764073,-0.11016846,-0.0040283203,0.052196503,-0.010042608,-0.013819821,0.0025121868,-0.044235766,0.0,0.0,0.0,0.0,0.0,0.2638799,0.26513976,0.57225835,0.57426643,0.57448405,4.0576477,0.0025121595,0.0025118513,0.002514313,0.09014615,0.0,0.0,0.0,0.0,0.0,0.00018782578,0.008805338,0.034315392,0.0,0.0,0.0,0.0,0.0,0.0
1934126924,0.1560772,-0.02500534,0.038159255,-0.084228516,0.09472656,-0.050045013,-0.0010968521,-0.017178819,-0.01266849,-0.044235766,0.0,0.0,0.0,0.0,0.0,0.2638616,0.2650498,0.5722891,0.5735591,0.57382303,4.05768,0.0025116338,0.0025113677,0.0025136394,0.09014615,0.0,0.0,0.0,0.0,0.0,0.00016409937,0.006571265,0.02235306,0.0,0.0,0.0,0.0,0.0,0.0
1934328024,0.12283349,-0.017116547,0.011702139,-0.09429932,-0.01965332,1.7104454,0.013842106,-0.010919437,0.0050970614,-0.044235766,0.0,0.0,0.0,0.0,0.0,0.2641006,0.26518053,0.5722823,0.57432735,0.57466626,4.057729,0.0025112152,0.0025109656,0.002513117,0.09014615,0.0,0.0,0.0,0.0,0.0,0.00016026894,0.013673286,0.04586779,0.0,0.0,0.0,0.0,0.0,0.0
1934532060,0.1371597,-0.012561321,-0.1889626,-0.093688965,-0.07763672,0.5717583,-0.014879741,0.0048174337,0.00588879,-0.044235766,0.0,0.0,0.0,0.0,0.0,0.26423472,0.26515558,0.5723161,0.57179224,0.5721886,4.0576253,0.0025108436,0.002510589,0.0025126608,0.09014615,0.0,0.0,0.0,0.0,0.0,0.00022690337,0.010720782,0.03970434,0.0,0.0,0.0,0.0,0.0,0.0
1934732818,0.10118377,0.0062174797,-0.0791236,-0.07409668,-0.0028686523,0.13610458,0.0016141981,-0.009945437,-0.014447898,-0.044235766,0.0,0.0,0.0,0.0,0.0,0.26417008,0.26489595,0.5722696,0.56978583,0.57019925,4.05764,0.0025104946,0.002510248,0.0025122375,0.09014615,0.0,0.0,0.0,0.0,0.0,0.00011936618,0.0062928656,0.022240408,0.0,0.0,0.0,0.0,0.0,0.0
1934933606,0.082998514,-0.046547413,-0.11049921,-0.042541504,0.027709961,-0.11967087,0.005305469,0.0005376339,-0.018059254,-0.044235766,0.0,0.0,0.0,0.0,0.0,0.2641356,0.26465443,0.5723067,0.5694499,0.5698669,4.057678,0.0025101656,0.0025099185,0.002511803,0.09014615,0.0,0.0,0.0,0.0,0.0,0.00030969767,0.003625066,0.009136549,0.0,0.0,0.0,0.0,0.0,0.0
1935134204,0.23570704,-0.00829649,-0.14846405,0.038024902,0.11495972,0.3822899,0.017680079,-0.017069697,-0.04858333,-0.044235766,0.0,0.0,0.0,0.0,0.0,0.26404896,0.26437458,0.5722267,0.5702488,0.5706439,4.0574474,0.0025098615,0.0025096256,0.0025113903,0.09014615,0.0,0.0,0.0,0.0,0.0,0.00029908685,0.009087791,0.02041834,0.0,0.0,0.0,0.0,0.0,0.0
1935334417,0.2659887,-0.04784918,-0.11604398,0.049621582,-0.06402588,0.8827095,-0.007165499,-0.0028108805,0.026324034,-0.044235766,0.0,0.0,0.0,0.0,0.0,0.26428562,0.2644427,0.57222897,0.5714275,0.57180387,4.0576715,0.0025096154,0.0025093916,0.0025110329,0.09014615,0.0,0.0,0.0,0.0,0.0,0.00042939637,0.014397172,0.031837646,0.0,0.0,0.0,0.0,0.0,0.0
1935539540,0.08573735,-0.050158024,-0.07547573,0.07348633,-0.041259766,0.38017654,0.018064827,-0.015955016,-0.040263027,-0.044235766,0.0,0.0,0.0,0.0,0.0,0.264222,0.26428154,0.57220876,0.5712894,0.5716125,4.0576878,0.002509357,0.0025091434,0.0025106424,0.09014615,0.0,0.0,0.0,0.0,0.0,0.0007817856,0.012120114,0.027684255,0.0,0.0,0.0,0.0,0.0,0.0
1935739750,0.110244274,0.02047062,-0.16131644,0.0960083,0.06387329,0.5882225,0.0022983178,-0.009301811,0.00042787194,-0.044235766,0.0,0.0,0.0,0.0,0.0,0.26408276,0.2641015,0.5722122,0.5706513,0.5709102,4.0580115,0.00250916,0.0025089467,0.002510323,0.09014615,0.0,0.0,0.0,0.0,0.0,0.0003873148,0.010828871,0.031414524,0.0,0.0,0.0,0.0,0.0,0.0
1935940917,0.05619526,0.043379307,-0.09371329,0.07598877,-0.056243896,-0.3984108,0.025741309,-0.011817932,-0.03143689,-0.044235766,0.0,0.0,0.0,0.0,0.0,0.26422194,0.2642497,0.57226074,0.57149,0.5716816,4.0580006,0.002508983,0.002508762,0.002510014,0.09014615,0.0,0.0,0.0,0.0,0.0,0.00015989073,0.013553619,0.04430754,0.0,0.0,0.0,0.0,0.0,0.0
1936140859,0.09566116,0.05212164,-0.12981662,0.09173584,-0.051574707,-0.47397232,-0.014079034,0.001357317,0.021878064,-0.044235766,0.0,0.0,0.0,0.0,0.0,0.26418963,0.2642796,0.5721625,0.57293046,0.57305884,4.0577183,0.0025088151,0.0025085849,0.0025097264,0.09014615,0.0,0.0,0.0,0.0,0.0,0.00020467228,0.008307213,0.026913987,0.0,0.0,0.0,0.0,0.0,0.0
1936345612,0.08559966,-0.03932619,-0.07607977,0.09851074,-0.062194824,-0.075366974,0.017963827,-0.02107656,-0.03427437,-0.044235766,0.0,0.0,0.0,0.0,0.0,0.26417002,0.26435947,0.57215804,0.5744226,0.5744964,4.057745,0.0025086456,0.0025083977,0.0025094145,0.09014615,0.0,0.0,0.0,0.0,0.0,0.00019352816,0.005109095,0.017209534,0.0,0.0,0.0,0.0,0.0,0.0
1936546187,0.095332384,-0.010373116,-0.15299505,0.10626221,-0.012878418,0.6404762,-0.0024870262,0.0022846162,0.02133599,-0.044235766,0.0,0.0,0.0,0.0,0.0,0.26407564,0.2643895,0.572123,0.5755755,0.5756122,4.0574965,0.0025084915,0.0025082247,0.002509104,0.09014615,0.0,0.0,0.0,0.0,0.0,0.00027076484,0.0077702757,0.024850475,0.0,0.0,0.0,0.0,0.0,0.0
1936747199,0.073669314,0.021331787,-0.18351376,0.1159668,-0.04901123,1.0313683,-0.00030430406,-0.0028411746,0.013782561,-0.044235766,0.0,0.0,0.0,0.0,0.0,0.26408768,0.26455796,0.5721527,0.5758721,0.5758892,4.057408,0.002508358,0.0025080745,0.002508849,0.09014615,0.0,0.0,0.0,0.0,0.0,0.00024179873,0.0055351644,0.018301263,0.0,0.0,0.0,0.0,0.0,0.0
1936948219,0.081964254,0.12654448,-0.30461246,0.13702393,-0.10253906,-0.4077263,0.0040513948,-0.019646779,-0.027145177,-0.044235766,0.0,0.0,0.0,0.0,0.0,0.26409733,0.26472095,0.5721112,0.5762717,0.57629246,4.0571966,0.0025082515,0.0025079446,0.0025086065,0.09014615,0.0,0.0,0.0,0.0,0.0,0.00041839102,0.008138023,0.023752147,0.0,0.0,0.0,0.0,0.0,0.0
1937152189,0.121557,-0.01963377,-0.13177504,0.19067383,0.05645752,-0.17726517,0.0067989677,0.004927501,0.023143977,-0.044235766,0.0,0.0,0.0,0.0,0.0,0.26386863,0.2645982,0.57210565,0.5766846,0.57672244,4.0572796,0.0025081611,0.002507826,0.0025083872,0.09014615,0.0,0.0,0.0,0.0,0.0,0.0005464762,0.00891621,0.027867362,0.0,0.0,0.0,0.0,0.0,0.0
1937352763,0.045494616,0.05256796,-0.33045006,0.17230225,-0.06161499,0.27695084,0.00823836,-0.004161164,-0.018232256,-0.044235766,0.0,0.0,0.0,0.0,0.0,0.26397532,0.26484802,0.5721821,0.5789853,0.5790724,4.057599,0.0025080724,0.0025077113,0.0025081823,0.09014615,0.0,0.0,0.0,0.0,0.0,0.0004447607,0.010767148,0.033035856,0.0,0.0,0.0,0.0,0.0,0.0
1937553690,-0.05382991,0.018679142,-0.12701242,0.14685059,-0.06607056,-0.2889824,-0.01275868,-0.001613155,0.025670975,-0.044235766,0.0,0.0,0.0,0.0,0.0,0.26393843,0.26493493,0.57218665,0.57905436,0.5792024,4.057639,0.0025079688,0.0025075807,0.0025079688,0.09014615,0.0,0.0,0.0,0.0,0.0,0.00032438623,0.0025140624,0.010003111,0.0,0.0,0.0,0.0,0.0,0.0
1937757606,-0.01687634,0.1326642,-0.14051788,0.123413086,-0.11804199,0.06372452,-0.003360659,-0.017568752,-0.007999569,-0.044235766,0.0,0.0,0.0,0.0,0.0,0.26394883,0.26506978,0.57214254,0.5780243,0.57825655,4.0576863,0.0025078899,0.0025074775,0.0025077788,0.09014615,0.0,0.0,0.0,0.0,0.0,0.00019609864,0.013643637,0.042675283,0.0,0.0,0.0,0.0,0.0,0.0
1937958579,-0.0024062395,0.102228165,-0.14046285,0.13745117,0.012542725,-0.23231888,0.007069193,-0.02109681,-0.035965174,-0.0077563524,0.0,0.0,0.0,0.0,0.0,0.26377743,0.2649599,0.5721615,0.57727545,0.57757044,4.0574236,0.0025078768,0.002507464,0.002507755,0.09016856,0.0,0.0,0.0,0.0,0.0,0.00044640276,0.009284882,0.02449988,0.0,0.0,0.0,0.0,0.0,0.0
1938158992,0.0226233,0.07986975,-0.16860464,0.13153076,-0.0769043,1.1071815,0.007069193,-0.02109681,-0.035965174,-0.016528249,0.0,0.0,0.0,0.0,0.0,0.26386988,0.26510346,0.5721464,0.57789135,0.57828444,4.0573864,0.0025078768,0.002507464,0.002507755,0.09016403,0.0,0.0,0.0,0.0,0.0,0.0005071765,0.0051272903,0.011214351,0.0,0.0,0.0,0.0,0.0,0.0
1938360046,0.0014816523,0.01605463,-0.16179954,0.11395264,-0.07467651,-0.39751053,0.007069193,-0.02109681,-0.035965174,0.067162156,0.0,0.0,0.0,0.0,0.0,0.26385826,0.2651172,0.572235,0.57789904,0.5783741,4.0576863,0.0025078768,0.002507464,0.002507755,0.09016305,0.0,0.0,0.0,0.0,0.0,0.00028814227,0.010420477,0.034158457,0.0,0.0,0.0,0.0,0.0,0.0
1938560775,0.049485147,0.05914688,-0.12538043,0.10601807,-0.014709473,-0.18122482,0.007069193,-0.02109681,-0.035965174,0.034579873,0.0,0.0,0.0,0.0,0.0,0.26377144,0.26500267,0.57220465,0.5789877,0.5795289,4.0577283,0.0025078768,0.002507464,0.002507755,0.09016199,0.0,0.0,0.0,0.0,0.0,0.00025268953,0.005936386,0.020143973,0.0,0.0,0.0,0.0,0.0,0.0
1938765634,-0.02715236,0.042969227,-0.10930811,0.08673096,-0.012268066,0.34339523,0.007069193,-0.02109681,-0.035965174,-0.0016721487,0.0,0.0,0.0,0.0,0.0,0.2637737,0.26497528,0.57220477,0.5790152,0.57962835,4.0577655,0.0025078768,0.002507464,0.002507755,0.09016096,0.0,0.0,0.0,0.0,0.0,0.0002805134,0.0048620724,0.015388428,0.0,0.0,0.0,0.0,0.0,0.0
1938965407,-0.008928955,0.08903074,-0.12491261,0.082458496,-0.009429932,0.21337509,0.007069193,-0.02109681,-0.035965174,0.0798198,0.0,0.0,0.0,0.0,0.0,0.26378432,0.26493663,0.5722056,0.5790691,0.5797472,4.057562,0.0025078768,0.002507464,0.002507755,0.09015994,0.0,0.0,0.0,0.0,0.0,0.00038445956,0.0066969534,0.01779209,0.0,0.0,0.0,0.0,0.0,0.0
1939166369,-0.00033062696,0.08587694,-0.102935135,0.08404541,-0.014831543,0.243824,0.007069193,-0.02109681,-0.035965174,-0.070358515,0.0,0.0,0.0,0.0,0.0,0.26376978,0.26486105,0.5722102,0.58055454,0.58128816,4.0575886,0.0025078768,0.002507464,0.002507755,0.09015924,0.0,0.0,0.0,0.0,0.0,0.0004822494,0.010115452,0.03131865,0.0,0.0,0.0,0.0,0.0,0.0
1939367008,-0.06352854,0.047092915,-0.06292243,0.09753418,0.03555298,-0.08251572,0.007069193,-0.02109681,-0.035965174,0.09132373,0.0,0.0,0.0,0.0,0.0,0.26371154,0.26473704,0.57218194,0.58314335,0.5839078,4.0573726,0.0025078768,0.002507464,0.002507755,0.09015813,0.0,0.0,0.0,0.0,0.0,0.00072519056,0.0108354855,0.03237419,0.0,0.0,0.0,0.0,0.0,0.0
1939571254,-0.013081312,0.09232235,-0.08574957,0.11907959,-0.03591919,-0.44029617,0.007069193,-0.02109681,-0.035965174,-0.12106609,0.0,0.0,0.0,0.0,0.0,0.26378492,0.26474243,0.57214105,0.5850311,0.5858433,4.057459,0.0025078768,0.002507464,0.002507755,0.09015734,0.0,0.0,0.0,0.0,0.0,0.00052651775,0.0048920736,0.0105709825,0.0,0.0,0.0,0.0,0.0,0.0
1939771807,-0.04576105,0.13424301,-0.17991301,0.1338501,-0.04446411,-0.51372147,0.007069193,-0.02109681,-0.035965174,0.04095626,0.0,0.0,0.0,0.0,0.0,0.26379627,0.2646767,0.5721481,0.5851163,0.58595073,4.0575094,0.0025078768,0.002507464,0.002507755,0.09015651,0.0,0.0,0.0,0.0,0.0,0.00061822386,0.0073846397,0.01813089,0.0,0.0,0.0,0.0,0.0,0.0
1939972878,-0.090966344,0.036115646,-0.045155067,0.14874268,-0.038146973,-0.0687294,0.007069193,-0.02109681,-0.035965174,0.06280601,0.0,0.0,0.0,0.0,0.0,0.26378778,0.2646112,0.5721462,0.5864631,0.58730316,4.0574365,0.0025078768,0.002507464,0.002507755,0.09015569,0.0,0.0,0.0,0.0,0.0,0.00028531495,0.008517489,0.025336446,0.0,0.0,0.0,0.0,0.0,0.0
1940173667,-0.04759872,0.09554911,-0.10954246,0.15991211,-0.052703857,-0.04452133,0.007069193,-0.02109681,-0.035965174,-0.0599252,0.0,0.0,0.0,0.0,0.0,0.26380047,0.26455808,0.57215226,0.5865675,0.5874122,4.057555,0.0025078768,0.002507464,0.002507755,0.09015495,0.0,0.0,0.0,0.0,0.0,0.00016533499,0.0074913315,0.024781026,0.0,0.0,0.0,0.0,0.0,0.0
1940374224,-0.12140471,0.08890629,-0.15601684,0.1564331,-0.041809082,-0.7983818,0.007069193,-0.02109681,-0.035965174,-0.09341705,0.0,0.0,0.0,0.0,0.0,0.26379472,0.26449093,0.57223046,0.5864807,0.58731407,4.057711,0.0025078768,0.002507464,0.002507755,0.09015424,0.0,0.0,0.0,0.0,0.0,0.0004869554,0.009732767,0.028821543,0.0,0.0,0.0,0.0,0.0,0.0
1940578214,-0.05572766,0.092179775,-0.06995833,0.13513184,-0.22814941,0.048244476,0.007069193,-0.02109681,-0.035965174,0.014415383,0.0,0.0,0.0,0.0,0.0,0.264008,0.26465356,0.5722428,0.5890659,0.58992296,4.057747,0.0025078768,0.002507464,0.002507755,0.09015361,0.0,0.0,0.0,0.0,0.0,0.00045491123,0.0053831423,0.016844023,0.0,0.0,0.0,0.0,0.0,0.0
1940779207,-0.14904463,0.0885787,-0.029571705,0.15991211,0.023895264,-0.78357315,0.007069193,-0.02109681,-0.035965174,-0.024038792,0.0,0.0,0.0,0.0,0.0,0.26373264,0.26430702,0.57219267,0.58907795,0.5898674,4.057526,0.0025078768,0.002507464,0.002507755,0.09015288,0.0,0.0,0.0,0.0,0.0,0.00018039043,0.008887384,0.026828233,0.0,0.0,0.0,0.0,0.0,0.0
1940983780,-0.026756883,0.09350872,-0.0017855465,0.14453125,-0.10836792,-0.6713371,0.007069193,-0.02109681,-0.035965174,-0.045241356,0.0,0.0,0.0,0.0,0.0,0.2638934,0.26441652,0.57217944,0.59140545,0.59219575,4.0575833,0.0025078768,0.002507464,0.002507755,0.09015238,0.0,0.0,0.0,0.0,0.0,0.00029863772,0.008862186,0.03208002,0.0,0.0,0.0,0.0,0.0,0.0
1941184822,-0.1420142,0.06285572,-0.017698504,0.14477539,-0.11218262,-0.05237961,0.007069193,-0.02109681,-0.035965174,-0.09869027,0.0,0.0,0.0,0.0,0.0,0.26392174,0.26439,0.5721803,0.5943989,0.5951603,4.057919,0.0025078768,0.002507464,0.002507755,0.09015183,0.0,0.0,0.0,0.0,0.0,7.772009e-05,0.004896174,0.0101587325,0.0,0.0,0.0,0.0,0.0,0.0
1941388930,-0.18542933,0.11723566,-0.073894605,0.14135742,-0.04876709,-0.39960098,0.007069193,-0.02109681,-0.035965174,-0.009316564,0.0,0.0,0.0,0.0,0.0,0.26388758,0.26430824,0.5721454,0.5955778,0.59629816,4.0576715,0.0025078768,0.002507464,0.002507755,0.09015136,0.0,0.0,0.0,0.0,0.0,0.00045999736,0.010015649,0.024434168,0.0,0.0,0.0,0.0,0.0,0.0
1941589372,-0.1540479,0.076756954,-0.05746588,0.10888672,-0.10491943,-0.6041374,0.007069193,-0.02109681,-0.035965174,0.049263954,0.0,0.0,0.0,0.0,0.0,0.26398814,0.26437098,0.5721774,0.60048246,0.6011806,4.057679,0.0025078768,0.002507464,0.002507755,0.09015094,0.0,0.0,0.0,0.0,0.0,0.00054502353,0.008622445,0.018259844,0.0,0.0,0.0,0.0,0.0,0.0
1941790237,-0.17898321,0.10896587,-0.047210537,0.08972168,-0.090789795,0.1684761,0.007069193,-0.02109681,-0.035965174,0.05604732,0.0,0.0,0.0,0.0,0.0,0.26400736,0.26435778,0.57217795,0.6035676,0.60423064,4.0577345,0.0025078768,0.002507464,0.002507755,0.09015072,0.0,0.0,0.0,0.0,0.0,0.00042160513,0.009440511,0.019905252,0.0,0.0,0.0,0.0,0.0,0.0
1941994450,-0.16474485,0.12017965,0.0027555376,0.05517578,-0.011932373,-0.37577438,0.007069193,-0.02109681,-0.035965174,-0.040608168,0.0,0.0,0.0,0.0,0.0,0.26394027,0.2642553,0.57214725,0.60631365,0.60693604,4.057776,0.0025078768,0.002507464,0.002507755,0.090150185,0.0,0.0,0.0,0.0,0.0,0.00038616144,0.009756734,0.024477059,0.0,0.0,0.0,0.0,0.0,0.0
1942195349,-0.19288856,-0.088124275,0.045343846,0.025512695,-0.03378296,-0.2882042,0.007069193,-0.02109681,-0.035965174,-0.12526417,0.0,0.0,0.0,0.0,0.0,0.26397395,0.26426956,0.57214564,0.60797065,0.6085595,4.0578227,0.0025078768,0.002507464,0.002507755,0.09014982,0.0,0.0,0.0,0.0,0.0,0.00061704614,0.01207738,0.027345223,0.0,0.0,0.0,0.0,0.0,0.0
1942395804,-0.0802151,0.110723495,0.13498572,0.039916992,-0.03277588,0.135952,0.007069193,-0.02109681,-0.035965174,0.084683895,0.0,0.0,0.0,0.0,0.0,0.26401535,0.26427445,0.5721463,0.60965824,0.6102127,4.0575504,0.0025078768,0.002507464,0.002507755,0.09014951,0.0,0.0,0.0,0.0,0.0,0.00036078924,0.012199242,0.035339,0.0,0.0,0.0,0.0,0.0,0.0
1942600898,-0.14542353,0.14410782,0.01607965,0.038391113,-0.08370972,0.05413437,0.007069193,-0.02109681,-0.035965174,-0.0076406,0.0,0.0,0.0,0.0,0.0,0.26408657,0.2643054,0.57217956,0.61169875,0.6122232,4.057629,0.0025078768,0.002507464,0.002507755,0.09014921,0.0,0.0,0.0,0.0,0.0,0.0002590341,0.006681908,0.016629519,0.0,0.0,0.0,0.0,0.0,0.0
1942801648,-0.12873143,0.15724373,-0.013556056,0.05999756,-0.057495117,-0.036014557,0.007069193,-0.02109681,-0.035965174,0.081403136,0.0,0.0,0.0,0.0,0.0,0.26404327,0.26421404,0.5721736,0.61314356,0.6136247,4.0578136,0.0025078768,0.002507464,0.002507755,0.09014912,0.0,0.0,0.0,0.0,0.0,0.00032143347,0.006090486,0.014117877,0.0,0.0,0.0,0.0,0.0,0.0
1943001672,-0.16869575,0.11532879,0.13431574,0.011291504,-0.043701172,-0.15342331,0.007069193,-0.02109681,-0.035965174,-0.12741435,0.0,0.0,0.0,0.0,0.0,0.26404586,0.26417124,0.5721706,0.6117878,0.6122265,4.057814,0.0025078768,0.002507464,0.002507755,0.09014891,0.0,0.0,0.0,0.0,0.0,0.0003738897,0.0095283,0.025478492,0.0,0.0,0.0,0.0,0.0,0.0
1943202500,-0.11975086,0.16054869,-0.004573539,-0.009033203,0.020568848,-0.0055503845,0.007069193,-0.02109681,-0.035965174,0.040511847,0.0,0.0,0.0,0.0,0.0,0.26400965,0.2640998,0.5721346,0.61007386,0.6104642,4.0578256,0.0025078768,0.002507464,0.002507755,0.09014856,0.0,0.0,0.0,0.0,0.0,0.0003792489,0.009835276,0.027982177,0.0,0.0,0.0,0.0,0.0,0.0
1943407308,-0.081944585,0.08923912,0.070009544,-0.024353027,0.015625,-1.2985497,0.007069193,-0.02109681,-0.035965174,-0.041923404,0.0,0.0,0.0,0.0,0.0,0.26403362,0.26409423,0.5721307,0.6102047,0.61055124,4.058128,0.0025078768,0.002507464,0.002507755,0.09014834,0.0,0.0,0.0,0.0,0.0,0.00029676428,0.004983364,0.015658699,0.0,0.0,0.0,0.0,0.0,0.0
1943607997,-0.109715104,0.09661722,0.06203661,-0.019470215,-0.012817383,-0.45254135,0.007069193,-0.02109681,-0.035965174,0.038619995,0.0,0.0,0.0,0.0,0.0,0.26406473,0.2641035,0.5721512,0.6119806,0.6122847,4.057948,0.0025078768,0.002507464,0.002507755,0.090148285,0.0,0.0,0.0,0.0,0.0,0.00039042882,0.004269114,0.013647742,0.0,0.0,0.0,0.0,0.0,0.0
1943808026,0.0029896498,0.07078934,0.09062954,-0.0031738281,-0.012878418,1.429348,0.007069193,-0.02109681,-0.035965174,-0.10756636,0.0,0.0,0.0,0.0,0.0,0.26404703,0.26406386,0.5722252,0.61648715,0.61674947,4.058212,0.0025078768,0.002507464,0.002507755,0.09014828,0.0,0.0,0.0,0.0,0.0,0.00024796827,0.010558882,0.03301854,0.0,0.0,0.0,0.0,0.0,0.0
1944008867,-0.08651912,0.10508013,0.047887057,0.0126953125,0.042510986,0.25359726,0.007069193,-0.02109681,-0.035965174,-0.021257877,0.0,0.0,0.0,0.0,0.0,0.26399484,0.2640002,0.572182,0.6192339,0.61945695,4.0581527,0.0025078768,0.002507464,0.002507755,0.09014826,0.0,0.0,0.0,0.0,0.0,0.00023619572,0.0028652155,0.009568137,0.0,0.0,0.0,0.0,0.0,0.0
1944209656,-0.1672759,0.057469845,0.15134409,-0.030151367,-0.018707275,0.4606514,0.007069193,-0.02109681,-0.035965174,-0.025096059,0.0,0.0,0.0,0.0,0.0,0.26411292,0.26411054,0.5722062,0.61979085,0.61998016,4.058124,0.0025078768,0.002507464,0.002507755,0.090148285,0.0,0.0,0.0,0.0,0.0,0.0003036314,0.004659466,0.012501189,0.0,0.0,0.0,0.0,0.0,0.0
1944410449,-0.155801,0.058195114,0.06424342,-0.06530762,0.039398193,0.87379074,0.007069193,-0.02109681,-0.035965174,0.061524153,0.0,0.0,0.0,0.0,0.0,0.26405868,0.2640531,0.5721661,0.61955446,0.6197126,4.057864,0.0025078768,0.002507464,0.002507755,0.09014813,0.0,0.0,0.0,0.0,0.0,0.00044392876,0.005719019,0.015547898,0.0,0.0,0.0,0.0,0.0,0.0
1944611191,-0.08698505,0.11308479,-0.0061214864,-0.06488037,-0.025939941,0.525753,0.007069193,-0.02109681,-0.035965174,0.041750908,0.0,0.0,0.0,0.0,0.0,0.26413485,0.26412567,0.5721145,0.6200342,0.62016606,4.0577555,0.0025078768,0.002507464,0.002507755,0.09014807,0.0,0.0,0.0,0.0,0.0,0.000434289,0.0052558896,0.016860818,0.0,0.0,0.0,0.0,0.0,0.0
1944811298,-0.0016548634,0.047248363,0.12932989,-0.034851074,0.0028381348,-0.11035538,0.007069193,-0.02109681,-0.035965174,-0.00031626225,0.0,0.0,0.0,0.0,0.0,0.2640887,0.26407665,0.5721108,0.6229284,0.6230366,4.057802,0.0025078768,0.002507464,0.002507755,0.09014804,0.0,0.0,0.0,0.0,0.0,0.00026998261,0.009237132,0.02892738,0.0,0.0,0.0,0.0,0.0,0.0
1945016060,0.04699588,0.11422396,0.026825473,-0.007507324,-0.0014953613,1.049778,0.007069193,-0.02109681,-0.035965174,-0.070213914,0.0,0.0,0.0,0.0,0.0,0.26411095,0.2640962,0.5721147,0.6260534,0.62614113,4.0578446,0.0025078768,0.002507464,0.002507755,0.090148,0.0,0.0,0.0,0.0,0.0,0.000222434,0.012079225,0.037516568,0.0,0.0,0.0,0.0,0.0,0.0
1945216629,-0.072330534,0.05693817,0.17935324,-0.00018310547,0.00021362305,0.87826157,0.007069193,-0.02109681,-0.035965174,-0.03952527,0.0,0.0,0.0,0.0,0.0,0.2641073,0.26409072,0.572118,0.629201,0.6292709,4.0575657,0.0025078768,0.002507464,0.002507755,0.09014788,0.0,0.0,0.0,0.0,0.0,0.00015333679,0.007112221,0.021118434,0.0,0.0,0.0,0.0,0.0,0.0
1945417432,-0.036499977,0.08689499,0.109914,0.012939453,0.058532715,0.03268051,0.007069193,-0.02109681,-0.035965174,-0.009464502,0.0,0.0,0.0,0.0,0.0,0.2640438,0.2640264,0.5720896,0.6304975,0.630552,4.057617,0.0025078768,0.002507464,0.002507755,0.090148106,0.0,0.0,0.0,0.0,0.0,0.00018997108,0.004039729,0.00894139,0.0,0.0,0.0,0.0,0.0,0.0
1945621416,-0.13717127,0.09120369,0.044362623,0.005554199,-0.0078125,-0.60876083,0.007069193,-0.02109681,-0.035965174,0.030466437,0.0,0.0,0.0,0.0,0.0,0.26410043,0.26408184,0.57212424,0.6325227,0.6325635,4.0576606,0.0025078768,0.002507464,0.002507755,0.09014808,0.0,0.0,0.0,0.0,0.0,0.00027690525,0.0061355713,0.02018322,0.0,0.0,0.0,0.0,0.0,0.0
1945822506,-0.01698929,-0.008255005,0.040029816,0.012390137,0.027709961,-0.5015602,0.007069193,-0.02109681,-0.035965174,0.037755966,0.0,0.0,0.0,0.0,0.0,0.26405686,0.26403883,0.5720943,0.6323036,0.6323332,4.0576677,0.0025078768,0.002507464,0.002507755,0.090148054,0.0,0.0,0.0,0.0,0.0,0.00011122616,0.0051661655,0.014528372,0.0,0.0,0.0,0.0,0.0,0.0
1946023281,-0.015846193,0.08116913,0.01561026,0.023132324,0.0075683594,-0.38225174,0.007069193,-0.02109681,-0.035965174,-0.0006827116,0.0,0.0,0.0,0.0,0.0,0.26411194,0.2640944,0.57209635,0.63247126,0.63249147,4.057741,0.0025078768,0.002507464,0.002507755,0.09014803,0.0,0.0,0.0,0.0,0.0,0.00014259471,0.0042516645,0.0074072266,0.0,0.0,0.0,0.0,0.0,0.0
1946224029,0.06418538,0.013589382,0.09078775,0.050720215,0.016235352,1.0545235,0.007069193,-0.02109681,-0.035965174,-0.014490843,0.0,0.0,0.0,0.0,0.0,0.26410913,0.2640925,0.57209164,0.63243794,0.63245076,4.0576425,0.0025078768,0.002507464,0.002507755,0.090148084,0.0,0.0,0.0,0.0,0.0,0.00023770306,0.017385865,0.05256829,0.0,0.0,0.0,0.0,0.0,0.0
1946424855,-0.019980967,0.05904293,0.048284702,0.058776855,0.0048828125,1.1140785,0.007069193,-0.02109681,-0.035965174,-0.054037333,0.0,0.0,0.0,0.0,0.0,0.26413757,0.2641221,0.57209325,0.6310493,0.63105625,4.057423,0.0025078768,0.002507464,0.002507755,0.09014805,0.0,0.0,0.0,0.0,0.0,0.00016060336,0.021068072,0.06851336,0.0,0.0,0.0,0.0,0.0,0.0
1946628795,0.030963302,0.03461027,0.052674208,0.05480957,-0.11633301,-0.64175034,0.007069193,-0.02109681,-0.035965174,0.007502556,0.0,0.0,0.0,0.0,0.0,0.26425663,0.26424375,0.5720846,0.6319082,0.6319107,4.057357,0.0025078768,0.002507464,0.002507755,0.09014817,0.0,0.0,0.0,0.0,0.0,0.00034870868,0.011860188,0.037715152,0.0,0.0,0.0,0.0,0.0,0.0
1946829629,-0.024065197,0.031484604,0.068760805,0.066101074,-0.041900635,0.08004379,0.007069193,-0.02109681,-0.035965174,0.045680642,0.0,0.0,0.0,0.0,0.0,0.26412326,0.2641126,0.5720524,0.63136256,0.63136244,4.0574474,0.0025078768,0.002507464,0.002507755,0.09014816,0.0,0.0,0.0,0.0,0.0,0.0012450434,0.008380147,0.025167234,0.0,0.0,0.0,0.0,0.0,0.0
1947030417,-0.06850433,0.07418203,-0.0021032393,0.060913086,-0.04244995,0.691082,0.007069193,-0.02109681,-0.035965174,0.018882275,0.0,0.0,0.0,0.0,0.0,0.26407537,0.26406613,0.57205987,0.62992275,0.62992036,4.0572686,0.0025078768,0.002507464,0.002507755,0.09014799,0.0,0.0,0.0,0.0,0.0,0.00046935354,0.011164541,0.038115885,0.0,0.0,0.0,0.0,0.0,0.0
1947231316,-0.017134964,0.07138157,0.0152819455,0.049865723,-0.0423584,1.0332069,0.007069193,-0.02109681,-0.035965174,-0.018247962,0.0,0.0,0.0,0.0,0.0,0.26406717,0.26405886,0.5720678,0.6299187,0.6299146,4.057378,0.0025078768,0.002507464,0.002507755,0.09014783,0.0,0.0,0.0,0.0,0.0,0.0002435053,0.010111644,0.033996213,0.0,0.0,0.0,0.0,0.0,0.0
1947435223,0.0009377599,0.046815872,-0.06967404,0.04498291,-0.049713135,-0.8884239,0.007069193,-0.02109681,-0.035965174,0.07433629,0.0,0.0,0.0,0.0,0.0,0.26406723,0.26406008,0.5720783,0.6299484,0.6299431,4.0574737,0.0025078768,0.002507464,0.002507755,0.09014783,0.0,0.0,0.0,0.0,0.0,0.00039124183,0.00536888,0.012478154,0.0,0.0,0.0,0.0,0.0,0.0
1947636206,-0.0025311708,0.096559525,-0.020332247,0.039123535,-0.044647217,-0.6221962,0.007069193,-0.02109681,-0.035965174,-0.0015199184,0.0,0.0,0.0,0.0,0.0,0.26406237,0.26405618,0.5720863,0.6299702,0.62996423,4.0575633,0.0025078768,0.002507464,0.002507755,0.09014775,0.0,0.0,0.0,0.0,0.0,0.00026389438,0.0031200165,0.006660195,0.0,0.0,0.0,0.0,0.0,0.0
1947836893,-0.04990965,0.06515598,-0.097455874,0.036010742,-0.05432129,-0.17291641,0.007069193,-0.02109681,-0.035965174,0.040947795,0.0,0.0,0.0,0.0,0.0,0.26408386,0.26407844,0.5720926,0.62999207,0.6299857,4.0576158,0.0025078768,0.002507464,0.002507755,0.09014783,0.0,0.0,0.0,0.0,0.0,0.00014835072,0.002665544,0.0059084427,0.0,0.0,0.0,0.0,0.0,0.0
1948037403,0.030882716,0.08580065,-0.04175695,0.052368164,-0.05166626,-0.25309372,0.007069193,-0.02109681,-0.035965174,-0.010983229,0.0,0.0,0.0,0.0,0.0,0.26409462,0.26408976,0.57209784,0.6300093,0.6300031,4.0576873,0.0025078768,0.002507464,0.002507755,0.09014766,0.0,0.0,0.0,0.0,0.0,0.00039220304,0.0032446065,0.0063210856,0.0,0.0,0.0,0.0,0.0,0.0
1948237624,-0.025493145,0.014419079,-0.026681393,0.05090332,-0.04537964,-0.50426865,0.007069193,-0.02109681,-0.035965174,0.04653454,0.0,0.0,0.0,0.0,0.0,0.2641055,0.26410094,0.57209986,0.63149476,0.6314888,4.057897,0.0025078768,0.002507464,0.002507755,0.09014757,0.0,0.0,0.0,0.0,0.0,0.00040906516,0.0037085277,0.0069333063,0.0,0.0,0.0,0.0,0.0,0.0
1948442453,-0.005951643,0.051757336,-0.03313049,0.059020996,-0.021881104,-1.1532326,0.007069193,-0.02109681,-0.035965174,0.06432533,0.0,0.0,0.0,0.0,0.0,0.26407292,0.2640683,0.572095,0.63285553,0.63285,4.0576572,0.0025078768,0.002507464,0.002507755,0.09014758,0.0,0.0,0.0,0.0,0.0,0.00023078262,0.007242498,0.021353574,0.0,0.0,0.0,0.0,0.0,0.0
1948643559,0.057646155,0.077586174,-0.0033946559,0.07232666,-0.025054932,0.6462059,0.007069193,-0.02109681,-0.035965174,-0.050271153,0.0,0.0,0.0,0.0,0.0,0.26408964,0.2640842,0.5720962,0.6344322,0.6344271,4.0576777,0.0025078768,0.002507464,0.002507755,0.090147525,0.0,0.0,0.0,0.0,0.0,0.00037628826,0.004563513,0.00922136,0.0,0.0,0.0,0.0,0.0,0.0
1948843798,-0.06387609,0.061769962,0.024976045,0.08526611,0.0413208,-0.5395241,0.007069193,-0.02109681,-0.035965174,0.07335937,0.0,0.0,0.0,0.0,0.0,0.26401293,0.2640078,0.57206285,0.6356142,0.6356095,4.0580115,0.0025078768,0.002507464,0.002507755,0.09014746,0.0,0.0,0.0,0.0,0.0,0.00022058026,0.0032570763,0.0096179405,0.0,0.0,0.0,0.0,0.0,0.0
1949044599,-0.11950475,0.023707867,0.015835315,0.059753418,-0.03591919,-1.0300865,0.007069193,-0.02109681,-0.035965174,-0.03208804,0.0,0.0,0.0,0.0,0.0,0.2641104,0.26410535,0.5720941,0.63762796,0.63762355,4.057751,0.0025078768,0.002507464,0.002507755,0.090147555,0.0,0.0,0.0,0.0,0.0,0.00019558592,0.0028529894,0.006996987,0.0,0.0,0.0,0.0,0.0,0.0
1949244839,0.1073429,0.042911053,0.052193798,0.083618164,-0.03640747,-0.9210243,0.007069193,-0.02109681,-0.035965174,0.039742947,0.0,0.0,0.0,0.0,0.0,0.26414487,0.26413938,0.57209396,0.6377212,0.63771707,4.057799,0.0025078768,0.002507464,0.002507755,0.09014757,0.0,0.0,0.0,0.0,0.0,0.00015202077,0.0070886086,0.02037779,0.0,0.0,0.0,0.0,0.0,0.0
1949445620,0.05418706,0.08143139,-9.715557e-05,0.10809326,-0.03744507,-0.5178795,0.007069193,-0.02109681,-0.035965174,0.0024766922,0.0,0.0,0.0,0.0,0.0,0.26416823,0.26416206,0.5720958,0.6378047,0.6378009,4.0578136,0.0025078768,0.002507464,0.002507755,0.090147495,0.0,0.0,0.0,0.0,0.0,0.00025466603,0.015361232,0.049907953,0.0,0.0,0.0,0.0,0.0,0.0
1949646442,6.3598156e-05,0.013998508,0.043972902,0.11279297,-0.042907715,0.7241478,0.007069193,-0.02109681,-0.035965174,-0.015913486,0.0,0.0,0.0,0.0,0.0,0.264187,0.26418087,0.57209724,0.6393937,0.6393901,4.0578527,0.0025078768,0.002507464,0.002507755,0.09014751,0.0,0.0,0.0,0.0,0.0,0.00016928535,0.007363445,0.01874551,0.0,0.0,0.0,0.0,0.0,0.0
1949847351,-0.050686777,0.081532955,-0.07949071,0.110839844,-0.035705566,-0.2967186,0.007069193,-0.02109681,-0.035965174,-0.0336231,0.0,0.0,0.0,0.0,0.0,0.26420763,0.26420122,0.5720963,0.6394418,0.6394384,4.0578756,0.0025078768,0.002507464,0.002507755,0.09014735,0.0,0.0,0.0,0.0,0.0,0.00014201298,0.0031928848,0.009031711,0.0,0.0,0.0,0.0,0.0,0.0
1950047215,0.1128121,0.050914288,-0.031887017,0.12310791,-0.04147339,-0.30742264,0.007069193,-0.02109681,-0.035965174,-0.04839611,0.0,0.0,0.0,0.0,0.0,0.26425093,0.26424378,0.57209545,0.6425502,0.64254683,4.0578976,0.0025078768,0.002507464,0.002507755,0.090147294,0.0,0.0,0.0,0.0,0.0,0.00023127919,0.0055718455,0.012405501,0.0,0.0,0.0,0.0,0.0,0.0
1950252038,0.00057953596,0.08308172,-0.07237397,0.1451416,0.019561768,0.014606476,0.007069193,-0.02109681,-0.035965174,0.067833304,0.0,0.0,0.0,0.0,0.0,0.26419568,0.2641881,0.5720626,0.6438079,0.64380443,4.0576844,0.0025078768,0.002507464,0.002507755,0.09014731,0.0,0.0,0.0,0.0,0.0,0.00020247753,0.005347702,0.01620564,0.0,0.0,0.0,0.0,0.0,0.0
1950452645,-0.025705695,0.06671333,-0.04839697,0.14019775,0.07107544,0.20759964,0.007069193,-0.02109681,-0.035965174,0.013709903,0.0,0.0,0.0,0.0,0.0,0.26413473,0.26412618,0.5720337,0.6451061,0.64510256,4.05794,0.0025078768,0.002507464,0.002507755,0.09014725,0.0,0.0,0.0,0.0,0.0,0.00023463293,0.0038668297,0.011903117,0.0,0.0,0.0,0.0,0.0,0.0
1950657634,-0.04674381,0.04436493,0.021121953,0.12884521,0.049468994,-0.9852028,0.007069193,-0.02109681,-0.035965174,0.034264326,0.0,0.0,0.0,0.0,0.0,0.26414692,0.26413706,0.57203716,0.64848626,0.6484822,4.057718,0.0025078768,0.002507464,0.002507755,0.090147264,0.0,0.0,0.0,0.0,0.0,0.00026307502,0.007111292,0.023343116,0.0,0.0,0.0,0.0,0.0,0.0
1950857610,0.0031800866,0.07314348,0.038077574,0.11651611,0.0670166,0.4450035,0.007069193,-0.02109681,-0.035965174,0.025101066,0.0,0.0,0.0,0.0,0.0,0.26413488,0.26412454,0.5720401,0.6484811,0.64847666,4.057358,0.0025078768,0.002507464,0.002507755,0.09014719,0.0,0.0,0.0,0.0,0.0,0.00024975569,0.009335793,0.028110277,0.0,0.0,0.0,0.0,0.0,0.0
1951058559,0.012349963,0.035241127,0.05986318,0.1217041,0.04901123,-0.76028824,0.007069193,-0.02109681,-0.035965174,-0.08153486,0.0,0.0,0.0,0.0,0.0,0.26414227,0.26413098,0.57205087,0.6501816,0.65017676,4.0574164,0.0025078768,0.002507464,0.002507755,0.09014714,0.0,0.0,0.0,0.0,0.0,0.000516931,0.010798329,0.035741832,0.0,0.0,0.0,0.0,0.0,0.0
1951259324,-0.004358709,0.018384933,0.035016473,0.09442139,0.04925537,0.08723831,0.007069193,-0.02109681,-0.035965174,-0.006788254,0.0,0.0,0.0,0.0,0.0,0.26416105,0.26414928,0.57205796,0.65031326,0.6503079,4.057492,0.0025078768,0.002507464,0.002507755,0.09014724,0.0,0.0,0.0,0.0,0.0,0.00045724196,0.010500869,0.037722778,0.0,0.0,0.0,0.0,0.0,0.0
1951460016,0.028773367,0.07816553,0.049735386,0.08441162,0.035949707,0.6392021,0.007069193,-0.02109681,-0.035965174,-0.04794526,0.0,0.0,0.0,0.0,0.0,0.2641927,0.26418096,0.57206446,0.6504669,0.650461,4.0578465,0.0025078768,0.002507464,0.002507755,0.09014734,0.0,0.0,0.0,0.0,0.0,0.0002570614,0.005960759,0.016577004,0.0,0.0,0.0,0.0,0.0,0.0
1951660816,0.05452329,0.035389423,0.07627486,0.09820557,0.02609253,-0.56178665,0.007069193,-0.02109681,-0.035965174,-0.04062462,0.0,0.0,0.0,0.0,0.0,0.26422825,0.26421615,0.57206964,0.65060323,0.65059686,4.057608,0.0025078768,0.002507464,0.002507755,0.09014736,0.0,0.0,0.0,0.0,0.0,0.00029962588,0.0067786914,0.014080225,0.0,0.0,0.0,0.0,0.0,0.0
1951860906,-0.048324406,0.055020332,-0.028249675,0.09790039,0.012634277,0.374218,0.007069193,-0.02109681,-0.035965174,0.034411192,0.0,0.0,0.0,0.0,0.0,0.26422873,0.26421642,0.5720753,0.6507194,0.6507125,4.0576687,0.0025078768,0.002507464,0.002507755,0.090147294,0.0,0.0,0.0,0.0,0.0,0.00019802694,0.008385705,0.025851905,0.0,0.0,0.0,0.0,0.0,0.0
1952061709,0.025896668,-0.096404076,0.16473387,0.10876465,-0.0032043457,-0.6897545,0.007069193,-0.02109681,-0.035965174,0.009393811,0.0,0.0,0.0,0.0,0.0,0.2642186,0.26420677,0.57207936,0.6507824,0.6507751,4.057698,0.0025078768,0.002507464,0.002507755,0.0901474,0.0,0.0,0.0,0.0,0.0,0.00029976276,0.008181513,0.015954455,0.0,0.0,0.0,0.0,0.0,0.0
1952262552,-0.018988788,0.07994318,0.020815253,0.11114502,-0.0072631836,0.011104584,0.007069193,-0.02109681,-0.035965174,-0.00045096874,0.0,0.0,0.0,0.0,0.0,0.26421037,0.26419932,0.57208663,0.65086836,0.65086067,4.057477,0.0025078768,0.002507464,0.002507755,0.09014749,0.0,0.0,0.0,0.0,0.0,0.00015320664,0.0044343695,0.013676611,0.0,0.0,0.0,0.0,0.0,0.0
1952467312,-0.018988788,0.07994318,0.020815253,0.11114502,-0.0072631836,0.11323166,0.007069193,-0.02109681,-0.035965174,-0.06591725,0.0,0.0,0.0,0.0,0.0,0.26421037,0.26419932,0.57208663,0.65086836,0.65086067,4.0575776,0.0025078768,0.002507464,0.002507755,0.090147346,0.0,0.0,0.0,0.0,0.0,0.00016962968,0.0046962826,0.014764503,0.0,0.0,0.0,0.0,0.0,0.0
1952667238,0.022036612,-0.023592472,0.14003733,0.054016113,-0.054718018,-0.630764,0.007069193,-0.02109681,-0.035965174,-0.0004452467,0.0,0.0,0.0,0.0,0.0,0.26417542,0.2641666,0.57204694,0.6480402,0.6480322,4.0575237,0.0025078768,0.002507464,0.002507755,0.09014742,0.0,0.0,0.0,0.0,0.0,0.000291668,0.008778566,0.023761889,0.0,0.0,0.0,0.0,0.0,0.0
1952867820,-0.004338324,0.009330273,0.06116464,0.028137207,0.0020751953,-0.60819626,0.007069193,-0.02109681,-0.035965174,-0.0015897751,0.0,0.0,0.0,0.0,0.0,0.26407832,0.26406989,0.57210195,0.6445815,0.6445736,4.0575833,0.0025078768,0.002507464,0.002507755,0.09014752,0.0,0.0,0.0,0.0,0.0,0.00010985065,0.007066089,0.022343308,0.0,0.0,0.0,0.0,0.0,0.0
1953072827,0.04965675,0.0347147,0.123988114,0.007873535,-0.014190674,-0.3373909,0.007069193,-0.02109681,-0.035965174,-0.105776906,0.0,0.0,0.0,0.0,0.0,0.2640821,0.26407367,0.5720317,0.6415489,0.64154094,4.0573854,0.0025078768,0.002507464,0.002507755,0.09014761,0.0,0.0,0.0,0.0,0.0,0.00040878862,0.0037028666,0.015593365,0.0,0.0,0.0,0.0,0.0,0.0
1953273684,0.07093853,-0.04908657,0.039420106,-0.006225586,-0.034332275,0.26305008,0.007069193,-0.02109681,-0.035965174,0.051684976,0.0,0.0,0.0,0.0,0.0,0.2640778,0.26406887,0.57204366,0.63848865,0.63848054,4.057491,0.0025078768,0.002507464,0.002507755,0.090147704,0.0,0.0,0.0,0.0,0.0,0.00027419734,0.0061135506,0.013029239,0.0,0.0,0.0,0.0,0.0,0.0
1953474559,0.0140903,0.050923824,0.01379689,-0.032165527,-0.04525757,-0.05537033,0.007069193,-0.02109681,-0.035965174,-0.007717252,0.0,0.0,0.0,0.0,0.0,0.26409614,0.26408613,0.5720544,0.63691235,0.63690394,4.0567865,0.0025078768,0.002507464,0.002507755,0.090148404,0.0,0.0,0.0,0.0,0.0,0.00020194091,0.005024402,0.018675188,0.0,0.0,0.0,0.0,0.0,0.0
1953678509,0.030840576,0.006061554,0.02726831,-0.025939941,-0.059936523,-0.07012558,0.007069193,-0.02109681,-0.035965174,-0.04854548,0.0,0.0,0.0,0.0,0.0,0.26409253,0.26408136,0.57206464,0.6368464,0.6368377,4.056881,0.0025078768,0.002507464,0.002507755,0.09014836,0.0,0.0,0.0,0.0,0.0,0.0001920563,0.0051206076,0.016363861,0.0,0.0,0.0,0.0,0.0,0.0
1953879242,-0.002681613,0.000104904175,0.055599738,-0.018066406,-0.057556152,0.56744766,0.007069193,-0.02109681,-0.035965174,-0.003054738,0.0,0.0,0.0,0.0,0.0,0.26410493,0.26409256,0.57207376,0.63826007,0.63825095,4.056956,0.0025078768,0.002507464,0.002507755,0.09014819,0.0,0.0,0.0,0.0,0.0,0.000107246626,0.005885481,0.017529342,0.0,0.0,0.0,0.0,0.0,0.0
1954080024,-0.03821677,-0.025511265,0.016274113,-0.006958008,-0.06503296,-0.37565994,0.007069193,-0.02109681,-0.035965174,0.064741135,0.0,0.0,0.0,0.0,0.0,0.2641013,0.26408795,0.5720839,0.63974386,0.6397341,4.057052,0.0025078768,0.002507464,0.002507755,0.090147495,0.0,0.0,0.0,0.0,0.0,0.0001485376,0.013286265,0.039150804,0.0,0.0,0.0,0.0,0.0,0.0
1954280897,-0.060835242,-0.011487484,0.13035354,0.0064697266,-0.07400513,0.09132004,0.007069193,-0.02109681,-0.035965174,-0.046340823,0.0,0.0,0.0,0.0,0.0,0.26411533,0.264101,0.57209224,0.64277345,0.642763,4.0574245,0.0025078768,0.002507464,0.002507755,0.0901475,0.0,0.0,0.0,0.0,0.0,0.00019500783,0.0095621245,0.024061833,0.0,0.0,0.0,0.0,0.0,0.0
1954480789,0.0155341625,-0.049010277,0.0688555,-0.0025634766,-0.08444214,-0.6857872,0.007069193,-0.02109681,-0.035965174,-0.06044066,0.0,0.0,0.0,0.0,0.0,0.26412883,0.2641149,0.5721012,0.642806,0.64279497,4.0575185,0.0025078768,0.002507464,0.002507755,0.090147436,0.0,0.0,0.0,0.0,0.0,0.00022301679,0.009101896,0.02194138,0.0,0.0,0.0,0.0,0.0,0.0
1954681833,0.008342385,0.022115707,0.046496205,-0.04083252,-0.084503174,-0.68016434,0.007069193,-0.02109681,-0.035965174,0.089481235,0.0,0.0,0.0,0.0,0.0,0.2641344,0.2641208,0.5721053,0.63976794,0.6397564,4.0575657,0.0025078768,0.002507464,0.002507755,0.09014745,0.0,0.0,0.0,0.0,0.0,0.00030435988,0.008179063,0.023703482,0.0,0.0,0.0,0.0,0.0,0.0
1954882753,-0.014453709,0.013370991,0.043060377,-0.06744385,-0.07891846,-0.61782455,0.007069193,-0.02109681,-0.035965174,-0.029960513,0.0,0.0,0.0,0.0,0.0,0.2641192,0.26410675,0.57211345,0.63824916,0.6382373,4.0576553,0.0025078768,0.002507464,0.002507755,0.09014739,0.0,0.0,0.0,0.0,0.0,0.00023986558,0.008903993,0.02658537,0.0,0.0,0.0,0.0,0.0,0.0
1955082879,0.0056465864,-0.03140354,0.015179619,-0.045532227,-0.0519104,1.0378304,0.007069193,-0.02109681,-0.035965174,0.017219067,0.0,0.0,0.0,0.0,0.0,0.26405808,0.26404738,0.57211345,0.6365304,0.6365184,4.057069,0.0025078768,0.002507464,0.002507755,0.09014747,0.0,0.0,0.0,0.0,0.0,0.0001482443,0.0065204687,0.017590413,0.0,0.0,0.0,0.0,0.0,0.0
1955283260,-0.040586114,-0.019965172,0.04623173,-0.020507812,-0.03036499,-0.8608055,0.007069193,-0.02109681,-0.035965174,-0.17220461,0.0,0.0,0.0,0.0,0.0,0.264061,0.26405314,0.5721142,0.6378407,0.6378289,4.0570145,0.0025078768,0.002507464,0.002507755,0.09014747,0.0,0.0,0.0,0.0,0.0,0.00023825327,0.006085876,0.016032863,0.0,0.0,0.0,0.0,0.0,0.0
1955484045,-0.03507614,-0.00012588501,0.06022287,-0.030517578,-0.09152222,0.38617325,0.007069193,-0.02109681,-0.035965174,0.047088742,0.0,0.0,0.0,0.0,0.0,0.2641251,0.26411825,0.57207376,0.63971895,0.6397072,4.0571046,0.0025078768,0.002507464,0.002507755,0.09014748,0.0,0.0,0.0,0.0,0.0,0.00021917674,0.00825938,0.022792302,0.0,0.0,0.0,0.0,0.0,0.0
1955684811,0.007934868,-0.025420666,-0.044349663,-0.015930176,-0.03277588,0.119709015,0.007069193,-0.02109681,-0.035965174,0.060155988,0.0,0.0,0.0,0.0,0.0,0.26405945,0.2640536,0.5720503,0.6408703,0.6408591,4.057172,0.0025078768,0.002507464,0.002507755,0.0901474,0.0,0.0,0.0,0.0,0.0,0.00020472528,0.004392413,0.0113805225,0.0,0.0,0.0,0.0,0.0,0.0
1955885665,0.19143677,-0.06788969,0.04393913,-0.025878906,-0.04034424,-0.47447586,0.007069193,-0.02109681,-0.035965174,-0.014163375,0.0,0.0,0.0,0.0,0.0,0.26401538,0.26401,0.5721365,0.6409293,0.6409187,4.057251,0.0025078768,0.002507464,0.002507755,0.090147495,0.0,0.0,0.0,0.0,0.0,0.00029630263,0.009317397,0.01621308,0.0,0.0,0.0,0.0,0.0,0.0
1956086468,0.11276579,-0.054482937,0.08812758,-0.043273926,-0.049957275,0.17176437,0.007069193,-0.02109681,-0.035965174,-0.02517736,0.0,0.0,0.0,0.0,0.0,0.26402208,0.26401833,0.5720624,0.63946724,0.6394572,4.057041,0.0025078768,0.002507464,0.002507755,0.09014742,0.0,0.0,0.0,0.0,0.0,0.00050611724,0.011660682,0.025708357,0.0,0.0,0.0,0.0,0.0,0.0
1956290504,0.036233246,-0.08024931,0.025059078,-0.05102539,-0.036468506,-0.07423782,0.007069193,-0.02109681,-0.035965174,0.043794394,0.0,0.0,0.0,0.0,0.0,0.26400784,0.2640041,0.5720629,0.63779724,0.63778806,4.056986,0.0025078768,0.002507464,0.002507755,0.09014734,0.0,0.0,0.0,0.0,0.0,0.00032489732,0.007122411,0.01177422,0.0,0.0,0.0,0.0,0.0,0.0
1956490990,0.036266506,-0.07546759,0.14227808,-0.06085205,-0.107421875,-0.11474991,0.007069193,-0.02109681,-0.035965174,-0.009719372,0.0,0.0,0.0,0.0,0.0,0.26407924,0.2640751,0.57210344,0.6366503,0.6366416,4.0570555,0.0025078768,0.002507464,0.002507755,0.09014774,0.0,0.0,0.0,0.0,0.0,0.00038666316,0.011156401,0.028219339,0.0,0.0,0.0,0.0,0.0,0.0
1956692174,0.06666142,-0.013184071,0.06572653,-0.039611816,-0.054626465,-0.9436302,0.007069193,-0.02109681,-0.035965174,-0.019011855,0.0,0.0,0.0,0.0,0.0,0.2640189,0.2640134,0.5720789,0.63625646,0.63624823,4.057145,0.0025078768,0.002507464,0.002507755,0.09014782,0.0,0.0,0.0,0.0,0.0,0.0002395022,0.00799339,0.022503506,0.0,0.0,0.0,0.0,0.0,0.0
1956892614,-0.0049332976,-0.018627167,0.09663665,-0.0289917,-0.089660645,-0.17328262,0.007069193,-0.02109681,-0.035965174,0.10037243,0.0,0.0,0.0,0.0,0.0,0.26402378,0.26401764,0.57211083,0.63796765,0.63795954,4.057088,0.0025078768,0.002507464,0.002507755,0.090148024,0.0,0.0,0.0,0.0,0.0,0.00046221723,0.006870084,0.02126862,0.0,0.0,0.0,0.0,0.0,0.0
1957097604,0.13968956,-0.03174925,-0.0395134,0.00061035156,-0.03475952,-0.4371605,0.007069193,-0.02109681,-0.035965174,0.02854681,0.0,0.0,0.0,0.0,0.0,0.2639432,0.2639376,0.57208526,0.64063543,0.6406276,4.057216,0.0025078768,0.002507464,0.002507755,0.090147614,0.0,0.0,0.0,0.0,0.0,0.0002383368,0.006886625,0.015748497,0.0,0.0,0.0,0.0,0.0,0.0
1957301842,0.14035845,-0.055892944,0.060833063,0.022583008,-0.09750366,-0.7632561,0.007069193,-0.02109681,-0.035965174,-0.023950696,0.0,0.0,0.0,0.0,0.0,0.264023,0.26401725,0.5721209,0.6441219,0.644114,4.057529,0.0025078768,0.002507464,0.002507755,0.09014754,0.0,0.0,0.0,0.0,0.0,0.00044367,0.01173751,0.027688796,0.0,0.0,0.0,0.0,0.0,0.0
1957502202,0.02947545,-0.04354334,0.13836372,0.016540527,-0.095703125,-0.3470955,0.007069193,-0.02109681,-0.035965174,0.08545554,0.0,0.0,0.0,0.0,0.0,0.2640351,0.26402974,0.5721167,0.6441531,0.6441453,4.0575294,0.0025078768,0.002507464,0.002507755,0.0901479,0.0,0.0,0.0,0.0,0.0,0.0005322735,0.0074401423,0.016436813,0.0,0.0,0.0,0.0,0.0,0.0
1957703263,0.15230262,0.029223919,-0.0050321035,0.03186035,-0.09875488,-0.24174118,0.007069193,-0.02109681,-0.035965174,-0.1205318,0.0,0.0,0.0,0.0,0.0,0.26403594,0.26403052,0.57211584,0.64269596,0.64268833,4.0576067,0.0025078768,0.002507464,0.002507755,0.09014782,0.0,0.0,0.0,0.0,0.0,0.0003386282,0.009758943,0.02256564,0.0,0.0,0.0,0.0,0.0,0.0
1957907238,0.086447895,0.043174744,0.016947571,0.054748535,-0.125,-0.22668076,0.007069193,-0.02109681,-0.035965174,0.13115752,0.0,0.0,0.0,0.0,0.0,0.2640459,0.2640408,0.57214105,0.6413984,0.64139086,4.0572233,0.0025078768,0.002507464,0.002507755,0.09014784,0.0,0.0,0.0,0.0,0.0,0.0004375584,0.011434845,0.03320074,0.0,0.0,0.0,0.0,0.0,0.0
1958108019,0.09256166,-0.02079773,0.09229575,0.094055176,-0.068725586,-0.1268959,0.007069193,-0.02109681,-0.035965174,-0.079018116,0.0,0.0,0.0,0.0,0.0,0.26397067,0.26396555,0.5721088,0.6409846,0.64097726,4.0575647,0.0025078768,0.002507464,0.002507755,0.09014791,0.0,0.0,0.0,0.0,0.0,0.00034265794,0.013442319,0.039941244,0.0,0.0,0.0,0.0,0.0,0.0
1958308881,0.1387173,-0.02924776,0.11466085,0.13031006,-0.028320312,0.4817009,0.007069193,-0.02109681,-0.035965174,0.038851142,0.0,0.0,0.0,0.0,0.0,0.26389724,0.26389217,0.57207716,0.6406538,0.6406466,4.0572968,0.0025078768,0.002507464,0.002507755,0.090147935,0.0,0.0,0.0,0.0,0.0,0.0004319011,0.017221501,0.049827952,0.0,0.0,0.0,0.0,0.0,0.0
1958509752,0.02481711,0.012538433,0.106697515,0.12774658,-0.15582275,-0.17470932,0.007069193,-0.02109681,-0.035965174,0.0019234419,0.0,0.0,0.0,0.0,0.0,0.2640309,0.2640257,0.57214504,0.64297646,0.642969,4.057352,0.0025078768,0.002507464,0.002507755,0.09014784,0.0,0.0,0.0,0.0,0.0,0.00038400266,0.012169481,0.037768118,0.0,0.0,0.0,0.0,0.0,0.0
1958710518,0.070097685,-0.060103416,0.062155213,0.14221191,-0.15234375,-0.62073135,0.007069193,-0.02109681,-0.035965174,-0.015363693,0.0,0.0,0.0,0.0,0.0,0.26401904,0.26401415,0.5720674,0.6460086,0.6460011,4.0571294,0.0025078768,0.002507464,0.002507755,0.09014783,0.0,0.0,0.0,0.0,0.0,0.00053640513,0.012479363,0.036360353,0.0,0.0,0.0,0.0,0.0,0.0
1958914407,0.023005188,0.026987076,-0.008828607,0.15679932,-0.028289795,-1.5192833,0.007069193,-0.02109681,-0.035965174,-0.040860057,0.0,0.0,0.0,0.0,0.0,0.26389062,0.26388597,0.572091,0.6468259,0.64681864,4.0569777,0.0025078768,0.002507464,0.002507755,0.09014774,0.0,0.0,0.0,0.0,0.0,0.0003155654,0.0062736934,0.020213988,0.0,0.0,0.0,0.0,0.0,0.0
1959115022,0.09350133,-0.029620647,0.057366658,0.15344238,-0.017364502,0.44371414,0.007069193,-0.02109681,-0.035965174,0.010960937,0.0,0.0,0.0,0.0,0.0,0.26389444,0.26388997,0.5721001,0.64996356,0.6499562,4.057045,0.0025078768,0.002507464,0.002507755,0.09014766,0.0,0.0,0.0,0.0,0.0,0.000346886,0.0075412653,0.022111414,0.0,0.0,0.0,0.0,0.0,0.0
1959315834,0.05506122,0.025429249,0.042558335,0.13439941,-0.020690918,1.0323982,0.007069193,-0.02109681,-0.035965174,0.044748306,0.0,0.0,0.0,0.0,0.0,0.2638852,0.26388064,0.5720312,0.65163696,0.6516296,4.0568647,0.0025078768,0.002507464,0.002507755,0.09014768,0.0,0.0,0.0,0.0,0.0,0.00034248646,0.007794496,0.023951702,0.0,0.0,0.0,0.0,0.0,0.0
1959516856,0.108065605,-0.042256832,0.13655184,0.14416504,-0.016357422,-0.3242073,0.007069193,-0.02109681,-0.035965174,0.008667111,0.0,0.0,0.0,0.0,0.0,0.26389608,0.26389068,0.57204413,0.65484303,0.65483564,4.0569787,0.0025078768,0.002507464,0.002507755,0.09014775,0.0,0.0,0.0,0.0,0.0,0.0003739921,0.008201457,0.021386597,0.0,0.0,0.0,0.0,0.0,0.0
1959717410,0.07962674,-0.053076744,0.103396006,0.1416626,0.0057373047,-0.2081871,0.007069193,-0.02109681,-0.035965174,-0.019023895,0.0,0.0,0.0,0.0,0.0,0.26388276,0.26387674,0.5720496,0.6563535,0.6563461,4.056719,0.0025078768,0.002507464,0.002507755,0.090147845,0.0,0.0,0.0,0.0,0.0,0.00040333305,0.0066520344,0.01910825,0.0,0.0,0.0,0.0,0.0,0.0
1959921430,-0.043832242,0.014249802,0.07028,0.12902832,0.011779785,-0.3450508,0.007069193,-0.02109681,-0.035965174,0.031874776,0.0,0.0,0.0,0.0,0.0,0.263907,0.26390043,0.57206565,0.6596035,0.65959597,4.056855,0.0025078768,0.002507464,0.002507755,0.09014748,0.0,0.0,0.0,0.0,0.0,0.00025495715,0.005166541,0.016446074,0.0,0.0,0.0,0.0,0.0,0.0
1960122207,0.028870821,0.057504177,0.043060347,0.10296631,-0.045684814,-0.48600388,0.007069193,-0.02109681,-0.035965174,0.07763398,0.0,0.0,0.0,0.0,0.0,0.26400164,0.26399437,0.5720313,0.66166544,0.6616577,4.056679,0.0025078768,0.002507464,0.002507755,0.090147406,0.0,0.0,0.0,0.0,0.0,0.00019870095,0.0068952665,0.01989202,0.0,0.0,0.0,0.0,0.0,0.0
1960323268,-0.01051116,0.055580616,0.062615946,0.09246826,-0.041259766,0.38515854,0.007069193,-0.02109681,-0.035965174,-0.050412297,0.0,0.0,0.0,0.0,0.0,0.2640366,0.2640304,0.5720451,0.66181135,0.6618036,4.0568104,0.0025078768,0.002507464,0.002507755,0.090147324,0.0,0.0,0.0,0.0,0.0,0.00012670396,0.0058320565,0.011055369,0.0,0.0,0.0,0.0,0.0,0.0
1960527306,0.07784951,-0.04807377,-0.042835854,0.05645752,-0.0546875,0.43379593,0.007069193,-0.02109681,-0.035965174,0.01710844,0.0,0.0,0.0,0.0,0.0,0.2640435,0.26403806,0.57205933,0.6588603,0.65885264,4.0569444,0.0025078768,0.002507464,0.002507755,0.09014735,0.0,0.0,0.0,0.0,0.0,0.00021296304,0.0013736899,0.0035679555,0.0,0.0,0.0,0.0,0.0,0.0
1960727810,0.07975501,-0.044806957,0.04427419,0.051574707,-0.058410645,0.18212509,0.007069193,-0.02109681,-0.035965174,-0.031999946,0.0,0.0,0.0,0.0,0.0,0.2640322,0.26402685,0.57206875,0.65735495,0.65734744,4.0570645,0.0025078768,0.002507464,0.002507755,0.090147376,0.0,0.0,0.0,0.0,0.0,0.00029482736,0.0021732575,0.0041072583,0.0,0.0,0.0,0.0,0.0,0.0
1960928838,0.029526353,0.026538849,0.038262576,0.056030273,-0.057891846,0.3981285,0.007069193,-0.02109681,-0.035965174,0.04365313,0.0,0.0,0.0,0.0,0.0,0.26401588,0.2640102,0.57207704,0.65739477,0.65738744,4.0571413,0.0025078768,0.002507464,0.002507755,0.0901474,0.0,0.0,0.0,0.0,0.0,0.00027246017,0.0031085296,0.010297481,0.0,0.0,0.0,0.0,0.0,0.0
1961133639,-0.058053315,-0.010902882,-0.07404409,0.05645752,-0.0074768066,0.4072609,0.007069193,-0.02109681,-0.035965174,-0.027292848,0.0,0.0,0.0,0.0,0.0,0.26394188,0.2639359,0.5720514,0.6555239,0.65551686,4.057279,0.0025078768,0.002507464,0.002507755,0.09014741,0.0,0.0,0.0,0.0,0.0,0.00011446984,0.005577065,0.014149252,0.0,0.0,0.0,0.0,0.0,0.0
1961334210,0.03521955,-0.028160572,0.009496406,0.056884766,-0.017669678,0.0039405823,0.007069193,-0.02109681,-0.035965174,-0.011473417,0.0,0.0,0.0,0.0,0.0,0.26396888,0.26396295,0.5720571,0.6555801,0.6555731,4.057085,0.0025078768,0.002507464,0.002507755,0.090147495,0.0,0.0,0.0,0.0,0.0,0.00026168546,0.0036034205,0.008922322,0.0,0.0,0.0,0.0,0.0,0.0
1961538487,-0.03900242,0.021875381,-0.02648867,0.043762207,-0.053222656,-1.8501778,0.007069193,-0.02109681,-0.035965174,-0.037475824,0.0,0.0,0.0,0.0,0.0,0.2640464,0.26404083,0.57209206,0.65735114,0.6573442,4.0570474,0.0025078768,0.002507464,0.002507755,0.090147406,0.0,0.0,0.0,0.0,0.0,0.0005860871,0.009529237,0.026035618,0.0,0.0,0.0,0.0,0.0,0.0
1961739066,0.056117475,-0.024351597,0.09400218,0.052978516,-0.050201416,-0.0860405,0.007069193,-0.02109681,-0.035965174,0.010721445,0.0,0.0,0.0,0.0,0.0,0.26406062,0.26405564,0.5721003,0.6588958,0.6588892,4.0569296,0.0025078768,0.002507464,0.002507755,0.09014734,0.0,0.0,0.0,0.0,0.0,0.0003522479,0.0068709827,0.023107475,0.0,0.0,0.0,0.0,0.0,0.0
1961939828,0.062681854,0.0072107315,-0.02722745,0.06951904,0.005126953,0.4852867,0.007069193,-0.02109681,-0.035965174,0.004490614,0.0,0.0,0.0,0.0,0.0,0.26403356,0.2640292,0.5720818,0.66012836,0.66012216,4.0567546,0.0025078768,0.002507464,0.002507755,0.09014729,0.0,0.0,0.0,0.0,0.0,0.00025629223,0.0071826465,0.024168931,0.0,0.0,0.0,0.0,0.0,0.0
1962140813,-0.1474579,0.009912968,0.06307903,0.04119873,-0.00970459,-0.5698509,0.007069193,-0.02109681,-0.035965174,-0.03546381,0.0,0.0,0.0,0.0,0.0,0.26403815,0.2640341,0.5720967,0.6587,0.6586942,4.0568895,0.0025078768,0.002507464,0.002507755,0.0901473,0.0,0.0,0.0,0.0,0.0,0.00037949596,0.010002268,0.026080258,0.0,0.0,0.0,0.0,0.0,0.0
1962341562,0.0052876472,0.047190666,0.0381294,0.032470703,-0.009552002,-0.26847458,0.007069193,-0.02109681,-0.035965174,0.026495576,0.0,0.0,0.0,0.0,0.0,0.26406926,0.26406527,0.57203096,0.65878564,0.6587802,4.056746,0.0025078768,0.002507464,0.002507755,0.090147324,0.0,0.0,0.0,0.0,0.0,0.00010492507,0.007486513,0.01961129,0.0,0.0,0.0,0.0,0.0,0.0
1962545395,0.002845168,-0.018324375,-0.03354361,0.031066895,-0.012084961,0.32406235,0.007069193,-0.02109681,-0.035965174,0.0348444,0.0,0.0,0.0,0.0,0.0,0.26407468,0.2640708,0.5720447,0.65882176,0.65881675,4.056888,0.0025078768,0.002507464,0.002507755,0.09014736,0.0,0.0,0.0,0.0,0.0,0.00016514218,0.0048053907,0.011568358,0.0,0.0,0.0,0.0,0.0,0.0
1962746221,6.9737434e-05,0.011688232,0.019604033,0.042114258,-0.07611084,0.16484451,0.007069193,-0.02109681,-0.035965174,-0.026661158,0.0,0.0,0.0,0.0,0.0,0.26414403,0.26414052,0.5720889,0.6592607,0.659256,4.0569854,0.0025078768,0.002507464,0.002507755,0.0901473,0.0,0.0,0.0,0.0,0.0,0.00028898104,0.005197939,0.015551034,0.0,0.0,0.0,0.0,0.0,0.0
1962947193,0.008673966,-0.04126644,0.06322064,0.06201172,-0.029968262,0.2473793,0.007069193,-0.02109681,-0.035965174,-0.002000451,0.0,0.0,0.0,0.0,0.0,0.2640743,0.26407146,0.57206666,0.6573689,0.65736467,4.0568757,0.0025078768,0.002507464,0.002507755,0.09014747,0.0,0.0,0.0,0.0,0.0,0.0001703802,0.00232712,0.0064475606,0.0,0.0,0.0,0.0,0.0,0.0
1963148182,-0.025411665,0.012419224,-0.09375654,0.079711914,-0.04827881,-0.17567062,0.007069193,-0.02109681,-0.035965174,0.014334202,0.0,0.0,0.0,0.0,0.0,0.26408985,0.26408774,0.57208025,0.6574091,0.6574051,4.0567365,0.0025078768,0.002507464,0.002507755,0.09014749,0.0,0.0,0.0,0.0,0.0,0.00010193493,0.0024215975,0.0048548914,0.0,0.0,0.0,0.0,0.0,0.0
1963348918,0.006583154,-0.02512741,-0.046453156,0.08428955,-0.05545044,-0.26327133,0.007069193,-0.02109681,-0.035965174,0.047891617,0.0,0.0,0.0,0.0,0.0,0.26411408,0.26411274,0.57209414,0.6558723,0.65586865,4.056883,0.0025078768,0.002507464,0.002507755,0.090147644,0.0,0.0,0.0,0.0,0.0,0.00045049292,0.0026455082,0.0068432605,0.0,0.0,0.0,0.0,0.0,0.0
1963552762,-0.005589545,0.027967453,0.0058689574,0.06048584,-0.06188965,-0.6948204,0.007069193,-0.02109681,-0.035965174,0.0010769367,0.0,0.0,0.0,0.0,0.0,0.26411346,0.26411194,0.57202846,0.6543591,0.6543557,4.056652,0.0025078768,0.002507464,0.002507755,0.090147726,0.0,0.0,0.0,0.0,0.0,0.0002107029,0.003564645,0.009965753,0.0,0.0,0.0,0.0,0.0,0.0
1963753675,0.010825396,0.024076939,-0.13026437,0.043945312,-0.034088135,-0.33366013,0.007069193,-0.02109681,-0.035965174,-0.008189797,0.0,0.0,0.0,0.0,0.0,0.26410103,0.26409906,0.5720373,0.6511164,0.65111333,4.0567756,0.0025078768,0.002507464,0.002507755,0.090147644,0.0,0.0,0.0,0.0,0.0,0.00031961917,0.0014377768,0.003284718,0.0,0.0,0.0,0.0,0.0,0.0
1963954435,-0.016068578,-0.018676281,-0.08701424,0.061523438,-0.043273926,0.2435112,0.007069193,-0.02109681,-0.035965174,-0.025075674,0.0,0.0,0.0,0.0,0.0,0.26411116,0.26410854,0.57205313,0.65110403,0.6511011,4.056654,0.0025078768,0.002507464,0.002507755,0.09014781,0.0,0.0,0.0,0.0,0.0,0.00024652752,0.007783971,0.023512315,0.0,0.0,0.0,0.0,0.0,0.0
1964155301,-0.009390533,0.033473015,-0.051432252,0.0625,-0.043670654,0.71318436,0.007069193,-0.02109681,-0.035965174,0.07892072,0.0,0.0,0.0,0.0,0.0,0.26409873,0.26409557,0.5720693,0.65105987,0.65105695,4.0571027,0.0025078768,0.002507464,0.002507755,0.09014787,0.0,0.0,0.0,0.0,0.0,6.762416e-05,0.005142179,0.016166601,0.0,0.0,0.0,0.0,0.0,0.0
1964355281,-0.056316793,-0.030882835,0.021405697,0.06542969,-0.05505371,-0.45718765,0.007069193,-0.02109681,-0.035965174,-0.010620356,0.0,0.0,0.0,0.0,0.0,0.2640655,0.2640623,0.57208,0.6510554,0.6510524,4.057226,0.0025078768,0.002507464,0.002507755,0.09014756,0.0,0.0,0.0,0.0,0.0,0.00016790439,0.009916626,0.03212075,0.0,0.0,0.0,0.0,0.0,0.0
1964556107,-0.06091416,-0.010375023,-0.013271304,0.048828125,-0.17532349,-0.18619919,0.007069193,-0.02109681,-0.035965174,0.0060373545,0.0,0.0,0.0,0.0,0.0,0.26420394,0.26420146,0.57207173,0.6517922,0.6517893,4.0573025,0.0025078768,0.002507464,0.002507755,0.09014748,0.0,0.0,0.0,0.0,0.0,0.00058262475,0.0057457844,0.014245736,0.0,0.0,0.0,0.0,0.0,0.0
1964756625,-0.031882346,0.050646305,0.02629937,0.06652832,-0.08590698,0.33423233,0.007069193,-0.02109681,-0.035965174,-0.093581796,0.0,0.0,0.0,0.0,0.0,0.26408064,0.26407808,0.5721171,0.65267074,0.65266806,4.057256,0.0025078768,0.002507464,0.002507755,0.090147555,0.0,0.0,0.0,0.0,0.0,0.00030894915,0.0033009057,0.007801003,0.0,0.0,0.0,0.0,0.0,0.0
1964957727,0.017799735,-0.010229588,-0.013951355,0.06359863,-0.03173828,0.55491257,0.007069193,-0.02109681,-0.035965174,0.07804632,0.0,0.0,0.0,0.0,0.0,0.26401144,0.26400906,0.57209015,0.6523012,0.65229875,4.057076,0.0025078768,0.002507464,0.002507755,0.09014751,0.0,0.0,0.0,0.0,0.0,0.00047664827,0.015722554,0.050834995,0.0,0.0,0.0,0.0,0.0,0.0
1965161612,-0.027775407,0.05395651,-0.00019643456,0.058532715,-0.029663086,0.31119156,0.007069193,-0.02109681,-0.035965174,0.03999257,0.0,0.0,0.0,0.0,0.0,0.26401997,0.2640179,0.57209754,0.6523089,0.6523066,4.0571046,0.0025078768,0.002507464,0.002507755,0.090147525,0.0,0.0,0.0,0.0,0.0,0.00056201837,0.011606524,0.039811358,0.0,0.0,0.0,0.0,0.0,0.0
1965362414,-0.05012101,-0.01387167,0.07138483,0.051330566,-0.06997681,0.22425461,0.007069193,-0.02109681,-0.035965174,-0.11105847,0.0,0.0,0.0,0.0,0.0,0.26402402,0.26402193,0.57205343,0.65100545,0.65100336,4.057226,0.0025078768,0.002507464,0.002507755,0.09014736,0.0,0.0,0.0,0.0,0.0,0.0004760344,0.006126469,0.020099297,0.0,0.0,0.0,0.0,0.0,0.0
1965563020,-0.007974386,0.02617979,-0.11276731,0.035217285,-0.007537842,-0.35216904,0.007069193,-0.02109681,-0.035965174,-0.07461035,0.0,0.0,0.0,0.0,0.0,0.26394826,0.26394603,0.57210886,0.6491019,0.6491,4.0572968,0.0025078768,0.002507464,0.002507755,0.090147376,0.0,0.0,0.0,0.0,0.0,0.0002854822,0.002996929,0.006558515,0.0,0.0,0.0,0.0,0.0,0.0
1965764059,-0.037524164,0.02016449,0.034591667,0.0013427734,-0.07086182,0.24179459,0.007069193,-0.02109681,-0.035965174,0.031847358,0.0,0.0,0.0,0.0,0.0,0.26400387,0.264001,0.5720662,0.6449182,0.6449163,4.0573993,0.0025078768,0.002507464,0.002507755,0.090147465,0.0,0.0,0.0,0.0,0.0,0.0002701906,0.0046336455,0.013375025,0.0,0.0,0.0,0.0,0.0,0.0
1965964831,-0.019754171,0.028199673,-0.022160158,-0.006591797,-0.06655884,0.1327095,0.007069193,-0.02109681,-0.035965174,-0.07450628,0.0,0.0,0.0,0.0,0.0,0.26398718,0.26398376,0.57215035,0.6432851,0.6432832,4.0575705,0.0025078768,0.002507464,0.002507755,0.090147555,0.0,0.0,0.0,0.0,0.0,0.00047039063,0.0036460685,0.009623038,0.0,0.0,0.0,0.0,0.0,0.0
1966168790,-0.069936156,0.051285267,-0.021713544,-0.022766113,-0.03378296,0.026554108,0.007069193,-0.02109681,-0.035965174,-0.078501105,0.0,0.0,0.0,0.0,0.0,0.26396528,0.26396176,0.57214373,0.63998973,0.6399879,4.05767,0.0025078768,0.002507464,0.002507755,0.09014756,0.0,0.0,0.0,0.0,0.0,0.00030655268,0.006730511,0.017327564,0.0,0.0,0.0,0.0,0.0,0.0
1966369414,0.0103805065,0.048249245,-0.11898814,-0.013977051,-0.037261963,-0.5006676,0.007069193,-0.02109681,-0.035965174,-0.100764275,0.0,0.0,0.0,0.0,0.0,0.26397362,0.26396987,0.5721442,0.636884,0.63688207,4.057732,0.0025078768,0.002507464,0.002507755,0.09014756,0.0,0.0,0.0,0.0,0.0,0.00040116388,0.016547559,0.052287668,0.0,0.0,0.0,0.0,0.0,0.0
1966570541,-0.10788828,0.06962395,-0.025792327,-0.022277832,-0.03942871,0.3917122,0.007069193,-0.02109681,-0.035965174,0.0057611465,0.0,0.0,0.0,0.0,0.0,0.26399523,0.2639914,0.5721448,0.6367869,0.63678485,4.057733,0.0025078768,0.002507464,0.002507755,0.0901475,0.0,0.0,0.0,0.0,0.0,0.0006479404,0.015090226,0.048719745,0.0,0.0,0.0,0.0,0.0,0.0
1966775029,0.05125606,0.01910019,-0.07601569,-0.026672363,-0.032287598,-0.45035934,0.007069193,-0.02109681,-0.035965174,-0.05954659,0.0,0.0,0.0,0.0,0.0,0.26402265,0.26401904,0.57214355,0.6367074,0.63670534,4.0574927,0.0025078768,0.002507464,0.002507755,0.090147436,0.0,0.0,0.0,0.0,0.0,0.0004355793,0.009365466,0.032510046,0.0,0.0,0.0,0.0,0.0,0.0
1966979212,-0.09448099,0.110654354,-0.09178529,-0.029724121,-0.012451172,0.35078812,0.007069193,-0.02109681,-0.035965174,-0.02564907,0.0,0.0,0.0,0.0,0.0,0.2640666,0.26406333,0.5721451,0.6366105,0.6366083,4.0575485,0.0025078768,0.002507464,0.002507755,0.090147376,0.0,0.0,0.0,0.0,0.0,0.00025631904,0.013330345,0.04167603,0.0,0.0,0.0,0.0,0.0,0.0
1967180024,0.02889514,0.00021457672,-0.07172258,-0.020935059,0.041503906,0.10716629,0.007069193,-0.02109681,-0.035965174,-0.014831305,0.0,0.0,0.0,0.0,0.0,0.26401165,0.2640085,0.572115,0.6362008,0.6361986,4.0572276,0.0025078768,0.002507464,0.002507755,0.09014739,0.0,0.0,0.0,0.0,0.0,0.0004314115,0.0096952645,0.0322932,0.0,0.0,0.0,0.0,0.0,0.0
1967380598,0.066810906,0.03580284,0.13741869,-0.021240234,0.008239746,-0.5731392,0.007069193,-0.02109681,-0.035965174,0.087581635,0.0,0.0,0.0,0.0,0.0,0.26405185,0.26404852,0.57206684,0.63639694,0.6363947,4.0575247,0.0025078768,0.002507464,0.002507755,0.09014747,0.0,0.0,0.0,0.0,0.0,0.0005896062,0.007726794,0.028859612,0.0,0.0,0.0,0.0,0.0,0.0
1967581672,0.030731857,-0.0064902306,-0.020133484,-0.013122559,-0.0020751953,-0.6410866,0.007069193,-0.02109681,-0.035965174,-0.07875645,0.0,0.0,0.0,0.0,0.0,0.26403973,0.26403517,0.5720711,0.63638246,0.63638,4.057345,0.0025078768,0.002507464,0.002507755,0.09014773,0.0,0.0,0.0,0.0,0.0,0.0005084444,0.0029652438,0.005939963,0.0,0.0,0.0,0.0,0.0,0.0
1967781637,-0.07305199,-0.045541286,-0.0049053356,-0.028320312,-0.0008239746,-0.13493729,0.007069193,-0.02109681,-0.035965174,-0.10044336,0.0,0.0,0.0,0.0,0.0,0.26406687,0.2640499,0.57206565,0.6333254,0.6333225,4.0574255,0.0025078768,0.002507464,0.002507755,0.090147674,0.0,0.0,0.0,0.0,0.0,0.0015993415,0.010593732,0.029279403,0.0,0.0,0.0,0.0,0.0,0.0
1967982168,-0.108394384,-0.08675623,0.08281229,-0.026733398,-0.010375977,0.010662079,0.007069193,-0.02109681,-0.035965174,-0.07293832,0.0,0.0,0.0,0.0,0.0,0.26413018,0.2640436,0.57205087,0.63178843,0.63178337,4.0576196,0.0025078768,0.002507464,0.002507755,0.090147614,0.0,0.0,0.0,0.0,0.0,0.0010133762,0.008108146,0.012343203,0.0,0.0,0.0,0.0,0.0,0.0
1968183346,0.0061935186,0.07239723,-0.05010185,0.0025024414,0.09814453,0.23916245,-0.009645224,-0.0037050694,0.032328993,-0.14554834,0.0,0.0,0.0,0.0,0.0,0.26413003,0.26391983,0.5720769,0.629683,0.62967426,4.0573564,0.0025181994,0.0025151656,0.0025212104,0.09014764,0.0,0.0,0.0,0.0,0.0,0.00036625742,0.008299059,0.025948629,0.0,0.0,0.0,0.0,0.0,0.0
1968388080,-0.07222539,0.083322525,-0.0037637139,0.0036621094,0.15960693,0.3881569,-0.008223087,-0.004981935,-0.012166172,-0.14554834,0.0,0.0,0.0,0.0,0.0,0.26412466,0.26376906,0.5720368,0.62771934,0.6277144,4.0576663,0.0025173381,0.0025145076,0.0025197435,0.09014764,0.0,0.0,0.0,0.0,0.0,0.0006408819,0.01562767,0.04578591,0.0,0.0,0.0,0.0,0.0,0.0
1968588882,-0.049949884,-0.018567085,0.12275869,-0.054748535,-0.0066833496,0.47735214,0.0011264235,-0.0039322674,-0.024775684,-0.14554834,0.0,0.0,0.0,0.0,0.0,0.26437074,0.2638694,0.5720952,0.62541234,0.6253891,4.057677,0.002516569,0.0025138939,0.002518495,0.09014764,0.0,0.0,0.0,0.0,0.0,9.25569e-05,0.016640741,0.055754233,0.0,0.0,0.0,0.0,0.0,0.0
1968788954,-0.051354766,0.030431747,0.049993422,-0.08892822,-0.0008544922,0.36835098,-0.006079331,0.008868903,-0.015143782,-0.14554834,0.0,0.0,0.0,0.0,0.0,0.2643809,0.26383537,0.5720887,0.6207659,0.6207168,4.057645,0.0025158687,0.0025133346,0.0025174324,0.09014764,0.0,0.0,0.0,0.0,0.0,0.0014532536,0.01094938,0.03795593,0.0,0.0,0.0,0.0,0.0,0.0
1968993737,-0.032612085,0.0364542,0.10964629,-0.06298828,0.0692749,0.18300247,-0.007822029,0.013028853,0.01225847,-0.14554834,0.0,0.0,0.0,0.0,0.0,0.26422834,0.26372042,0.57204956,0.6187598,0.61868334,4.0579443,0.002515115,0.0025127593,0.0025163908,0.09014764,0.0,0.0,0.0,0.0,0.0,0.0002995294,0.0045134802,0.01655227,0.0,0.0,0.0,0.0,0.0,0.0
1969198812,-0.017884493,0.0680151,0.031478427,-0.05810547,-0.024505615,-0.28788376,0.007737823,0.007976696,-0.0237678,-0.14554834,0.0,0.0,0.0,0.0,0.0,0.26415682,0.2637112,0.57207096,0.61752105,0.6174108,4.057626,0.0025144317,0.0025122107,0.002515505,0.09014764,0.0,0.0,0.0,0.0,0.0,0.0010736862,0.004733523,0.008306589,0.0,0.0,0.0,0.0,0.0,0.0
1969399227,-0.11065614,0.054180145,0.08256589,-0.091674805,-0.027008057,0.024318695,0.009675898,-0.0008277446,-0.006449342,-0.14554834,0.0,0.0,0.0,0.0,0.0,0.26400688,0.26364407,0.5720647,0.61439157,0.61425614,4.057626,0.002513867,0.0025117665,0.0025147924,0.09014764,0.0,0.0,0.0,0.0,0.0,0.0012537782,0.005472364,0.012536755,0.0,0.0,0.0,0.0,0.0,0.0
1969599278,0.038991213,0.018283844,-0.000353951,-0.073913574,0.16104126,-0.2501335,-0.024826825,0.002701506,0.020685643,-0.14554834,0.0,0.0,0.0,0.0,0.0,0.26374143,0.26343995,0.57199264,0.6118503,0.61170334,4.0575075,0.0025133654,0.002511337,0.002514171,0.09014764,0.0,0.0,0.0,0.0,0.0,0.0011720494,0.007646174,0.017446563,0.0,0.0,0.0,0.0,0.0,0.0
1969799760,0.07239759,0.0031385422,0.119732305,-0.08392334,0.1524353,0.85650253,0.005371839,-0.0006072819,0.0047193766,-0.14554834,0.0,0.0,0.0,0.0,0.0,0.26368088,0.26344138,0.57199436,0.61027646,0.6101155,4.057536,0.00251286,0.002510918,0.0025135279,0.09014764,0.0,0.0,0.0,0.0,0.0,0.0007730623,0.0075257,0.017087016,0.0,0.0,0.0,0.0,0.0,0.0
1970004856,0.036320806,-0.007563591,-0.021282721,-0.109191895,-0.038009644,0.2509117,0.026486862,-0.013401017,-0.053799987,-0.14554834,0.0,0.0,0.0,0.0,0.0,0.26377565,0.2635935,0.57206166,0.6109168,0.6107446,4.057526,0.0025124748,0.0025105937,0.0025130026,0.09014764,0.0,0.0,0.0,0.0,0.0,0.0006933296,0.0026704168,0.004569415,0.0,0.0,0.0,0.0,0.0,0.0
1970205641,-0.06081891,0.06374645,0.05829241,-0.10827637,-0.032485962,0.017177582,0.00489513,0.0012750924,0.021984637,-0.14554834,0.0,0.0,0.0,0.0,0.0,0.26366937,0.26358607,0.57206094,0.61224794,0.6120839,4.0575485,0.0025121982,0.0025103104,0.0025126676,0.09014764,0.0,0.0,0.0,0.0,0.0,0.0013828215,0.0066651073,0.024789209,0.0,0.0,0.0,0.0,0.0,0.0
1970406216,-0.09515202,0.016159058,-0.0068206787,-0.09436035,0.03807068,-0.5804024,0.012932904,0.00480853,0.003249526,-0.14554834,0.0,0.0,0.0,0.0,0.0,0.26351842,0.2635642,0.57201827,0.6132581,0.61312264,4.0573335,0.002511938,0.0025099674,0.0025126543,0.09014764,0.0,0.0,0.0,0.0,0.0,0.001424811,0.011850098,0.04302508,0.0,0.0,0.0,0.0,0.0,0.0
1970606225,0.08234656,0.08105087,0.049746066,-0.1026001,-0.1799469,0.56710434,0.030029312,-0.026850685,-0.04410276,-0.14554834,0.0,0.0,0.0,0.0,0.0,0.2637397,0.26384166,0.5719224,0.6186715,0.61860234,4.057383,0.00251167,0.0025096796,0.0025125013,0.09014764,0.0,0.0,0.0,0.0,0.0,0.0013035906,0.0075538997,0.028868342,0.0,0.0,0.0,0.0,0.0,0.0
1970807017,0.009553909,-0.0038986206,0.28692144,-0.07501221,-0.09628296,-0.035152435,0.011549123,-0.009454846,-0.016630203,-0.14554834,0.0,0.0,0.0,0.0,0.0,0.26359892,0.2635561,0.57193863,0.62262917,0.6226368,4.0571055,0.0025112415,0.0025096294,0.0025113174,0.09014764,0.0,0.0,0.0,0.0,0.0,0.0010431514,0.008823164,0.0177303,0.0,0.0,0.0,0.0,0.0,0.0
1971008113,-0.20885509,0.06360674,-0.09289986,-0.033813477,0.15142822,0.5432625,-0.0013029762,-0.0023687705,0.010902256,-0.14554834,0.0,0.0,0.0,0.0,0.0,0.2632865,0.263054,0.5718915,0.62564814,0.6257103,4.05741,0.0025109507,0.0025096356,0.0025105614,0.09014764,0.0,0.0,0.0,0.0,0.0,0.0007992318,0.015055421,0.04470564,0.0,0.0,0.0,0.0,0.0,0.0
1971208837,-0.179806,0.026162624,-0.10180354,-0.072021484,0.12345886,0.13624191,-0.006507458,-0.0001970306,0.0033889115,-0.14554834,0.0,0.0,0.0,0.0,0.0,0.26329312,0.2628229,0.57190263,0.6272474,0.6273626,4.05741,0.0025106992,0.0025097062,0.0025101893,0.09014764,0.0,0.0,0.0,0.0,0.0,0.0009958091,0.012184528,0.028925646,0.0,0.0,0.0,0.0,0.0,0.0
1971409444,-0.06805265,0.076056,-0.09910643,-0.14501953,0.02041626,0.89284134,0.021135084,0.011836369,-0.014844716,-0.14554834,0.0,0.0,0.0,0.0,0.0,0.2636392,0.26284033,0.57189476,0.62649107,0.62663174,4.05742,0.0025103856,0.0025097998,0.0025099558,0.09014764,0.0,0.0,0.0,0.0,0.0,0.0009605999,0.01859378,0.05961952,0.0,0.0,0.0,0.0,0.0,0.0
1971610504,0.022632599,0.117164135,0.04402852,-0.15222168,0.020889282,0.77794266,0.026677102,-0.0076514073,-0.030751795,-0.14554834,0.0,0.0,0.0,0.0,0.0,0.26407745,0.26284263,0.5719107,0.6250288,0.6251433,4.0571613,0.0025100966,0.0025099555,0.0025097595,0.09014764,0.0,0.0,0.0,0.0,0.0,0.0005350004,0.008238147,0.025509214,0.0,0.0,0.0,0.0,0.0,0.0
1971814509,0.11741209,0.0707407,-0.04153061,-0.15991211,0.02229309,0.1650734,0.027020887,-0.020157102,-0.028346062,-0.14554834,0.0,0.0,0.0,0.0,0.0,0.26464865,0.26289165,0.5719444,0.6250823,0.62512344,4.057192,0.0025098338,0.002510212,0.0025094717,0.09014764,0.0,0.0,0.0,0.0,0.0,0.00042550033,0.0021147016,0.0073841345,0.0,0.0,0.0,0.0,0.0,0.0
1972019813,-0.024965525,0.1626277,-0.086215615,-0.15350342,0.03527832,0.16534805,0.01904174,0.015324615,0.040870994,-0.14554834,0.0,0.0,0.0,0.0,0.0,0.26534024,0.26298845,0.57199186,0.62669176,0.6266054,4.0571923,0.0025096359,0.0025104478,0.0025091963,0.09014764,0.0,0.0,0.0,0.0,0.0,0.000854857,0.0063202116,0.014591497,0.0,0.0,0.0,0.0,0.0,0.0
1972220018,0.22513795,0.019978762,-0.03173268,-0.12225342,0.07815552,-0.41794205,0.028811492,-0.013748065,-0.02056709,-0.14554834,0.0,0.0,0.0,0.0,0.0,0.26587743,0.26299033,0.57206196,0.6261603,0.6259233,4.05751,0.0025094897,0.0025105192,0.0025089213,0.09014764,0.0,0.0,0.0,0.0,0.0,0.00047569207,0.00599668,0.015511648,0.0,0.0,0.0,0.0,0.0,0.0
1972424097,-0.051721334,0.12591362,-0.19075406,-0.14538574,0.044021606,0.08436203,0.008804232,0.008278273,0.012282789,-0.14554834,0.0,0.0,0.0,0.0,0.0,0.26666942,0.26321906,0.5721589,0.6267983,0.6263126,4.057827,0.002509386,0.0025105015,0.0025085707,0.09014764,0.0,0.0,0.0,0.0,0.0,0.00071439473,0.0034834046,0.008354479,0.0,0.0,0.0,0.0,0.0,0.0
1972625007,0.23625922,0.08760166,-0.019764781,-0.13586426,0.01586914,0.102695465,0.014191639,-0.017122403,-0.040103376,-0.14554834,0.0,0.0,0.0,0.0,0.0,0.2673481,0.26349378,0.57226145,0.6305009,0.6297107,4.0579624,0.002509288,0.0025103716,0.0025082643,0.09014764,0.0,0.0,0.0,0.0,0.0,0.00089664146,0.004851028,0.008710777,0.0,0.0,0.0,0.0,0.0,0.0
1972825614,0.16618156,-0.08320725,-0.13280296,-0.1184082,-0.006378174,-0.38534164,-0.0029145423,0.007180944,0.01943487,-0.14554834,0.0,0.0,0.0,0.0,0.0,0.2677741,0.26376468,0.57233894,0.63255894,0.631449,4.057941,0.0025091695,0.0025101302,0.002507951,0.09014764,0.0,0.0,0.0,0.0,0.0,0.00079609646,0.0101993475,0.021332301,0.0,0.0,0.0,0.0,0.0,0.0
1973026441,0.15923595,-0.05915582,-0.057171583,-0.03363037,0.017059326,0.1344719,0.017097464,-0.014928633,-0.034502655,-0.14554834,0.0,0.0,0.0,0.0,0.0,0.26771608,0.2638804,0.57232964,0.6338491,0.6324992,4.057811,0.0025090326,0.0025098699,0.0025077257,0.09014764,0.0,0.0,0.0,0.0,0.0,0.0011202899,0.010153799,0.020694343,0.0,0.0,0.0,0.0,0.0,0.0
1973227026,0.21099043,0.18992054,-0.036459684,-0.04034424,0.02508545,-0.26548386,0.023674678,-0.017915437,-0.023949504,-0.14554834,0.0,0.0,0.0,0.0,0.0,0.26761416,0.26414767,0.5723396,0.6357449,0.6341292,4.0578346,0.0025088743,0.0025095844,0.002507544,0.09014764,0.0,0.0,0.0,0.0,0.0,0.0010430943,0.012479844,0.024443286,0.0,0.0,0.0,0.0,0.0,0.0
1973431247,0.17400074,0.027712464,0.06528628,-0.11578369,0.02508545,0.055103302,0.009191915,-0.0138064455,-0.005459577,-0.14554834,0.0,0.0,0.0,0.0,0.0,0.26737142,0.26446885,0.57236004,0.6365411,0.63467336,4.0578594,0.0025086612,0.0025093069,0.002507385,0.09014764,0.0,0.0,0.0,0.0,0.0,0.0007337538,0.011469694,0.027534552,0.0,0.0,0.0,0.0,0.0,0.0
1973636462,0.24222565,0.013256431,-0.026067972,-0.10687256,0.04925537,0.5389061,0.0037547331,-0.0014285073,-0.006774485,-0.14554834,0.0,0.0,0.0,0.0,0.0,0.26693738,0.26468694,0.5723014,0.63644195,0.63447756,4.0575867,0.0025084869,0.0025090314,0.0025072282,0.09014764,0.0,0.0,0.0,0.0,0.0,0.0010888078,0.011722581,0.029391399,0.0,0.0,0.0,0.0,0.0,0.0
1973836881,0.21420813,-0.010709405,-0.088532686,-0.018920898,0.07131958,0.90146255,0.00045714527,0.012972293,0.014506608,-0.14554834,0.0,0.0,0.0,0.0,0.0,0.26643035,0.26476416,0.5722867,0.63575613,0.6338101,4.0577927,0.0025083246,0.0025088226,0.0025070745,0.09014764,0.0,0.0,0.0,0.0,0.0,0.0006954591,0.011302249,0.024282621,0.0,0.0,0.0,0.0,0.0,0.0
1974041665,0.18029022,0.020868063,-0.089635134,-0.109313965,0.063827515,0.36845016,0.01695961,-0.008563921,-0.024249732,-0.14554834,0.0,0.0,0.0,0.0,0.0,0.26610366,0.26496166,0.57220167,0.63641894,0.63444716,4.0581203,0.002508199,0.0025086515,0.002506947,0.09014764,0.0,0.0,0.0,0.0,0.0,0.00044589394,0.012613614,0.03620265,0.0,0.0,0.0,0.0,0.0,0.0
1974241451,0.22752714,0.07083428,-0.018123984,-0.18267822,0.07006836,-0.2773018,-0.0032360628,0.003955692,0.023326099,-0.14554834,0.0,0.0,0.0,0.0,0.0,0.26584163,0.26514235,0.57220066,0.63699675,0.6350781,4.0583887,0.0025080391,0.0025084377,0.0025068044,0.09014764,0.0,0.0,0.0,0.0,0.0,0.00067179126,0.012259675,0.035150427,0.0,0.0,0.0,0.0,0.0,0.0
1974446219,0.18401909,0.0991106,0.028245449,-0.14904785,0.09060669,-0.43139267,0.0013247821,0.010930371,0.020696431,-0.14554834,0.0,0.0,0.0,0.0,0.0,0.2655212,0.26517224,0.572213,0.6366941,0.6349293,4.058333,0.0025078931,0.0025082575,0.002506675,0.09014764,0.0,0.0,0.0,0.0,0.0,0.0007408348,0.0066996245,0.018129097,0.0,0.0,0.0,0.0,0.0,0.0
1974647025,0.17444706,0.053384185,-0.07180917,-0.29504395,0.06776428,0.41431046,0.004459776,0.0009336248,0.00042283535,-0.14554834,0.0,0.0,0.0,0.0,0.0,0.26545987,0.26540044,0.5721556,0.6360188,0.63440907,4.0582666,0.0025077385,0.0025080722,0.0025065504,0.09014764,0.0,0.0,0.0,0.0,0.0,0.0005497371,0.0068429974,0.017300762,0.0,0.0,0.0,0.0,0.0,0.0
1974848109,0.16359425,-0.005279064,-0.066612005,-0.32159424,0.06996155,0.816555,0.0052088834,-0.019452982,-0.034722894,-0.14554834,0.0,0.0,0.0,0.0,0.0,0.2653037,0.2654135,0.5721235,0.6359305,0.6345403,4.0582266,0.0025075802,0.0025079043,0.0025064019,0.09014764,0.0,0.0,0.0,0.0,0.0,0.00025679235,0.012244654,0.03912987,0.0,0.0,0.0,0.0,0.0,0.0
1975049162,0.25182867,0.008522272,-0.050186396,-0.33026123,0.08320618,0.11387253,0.02282867,-0.021776803,-0.041956455,-0.14554834,0.0,0.0,0.0,0.0,0.0,0.2652655,0.26545078,0.5721004,0.6357895,0.6346363,4.0579,0.002507442,0.0025077602,0.0025062542,0.09014764,0.0,0.0,0.0,0.0,0.0,0.0007207101,0.008520876,0.02268746,0.0,0.0,0.0,0.0,0.0,0.0
1975252889,0.17842293,0.044587612,0.009413123,-0.28546143,0.110946655,-0.2967186,0.0018963832,0.009466823,0.016701162,-0.14554834,0.0,0.0,0.0,0.0,0.0,0.26520717,0.26536548,0.57205105,0.6353124,0.63439304,4.0581775,0.0025072957,0.0025076342,0.0025061017,0.09014764,0.0,0.0,0.0,0.0,0.0,0.0008110515,0.00710775,0.014396932,0.0,0.0,0.0,0.0,0.0,0.0
1975457419,0.21869946,0.10411072,0.053000093,-0.35009766,0.09992981,0.15637589,0.0036787074,0.012955461,-0.015885085,-0.14554834,0.0,0.0,0.0,0.0,0.0,0.2653101,0.265378,0.57207125,0.63562834,0.63492835,4.058027,0.002507163,0.0025075204,0.002505973,0.09014764,0.0,0.0,0.0,0.0,0.0,0.00017406636,0.0053837756,0.018023118,0.0,0.0,0.0,0.0,0.0,0.0
1975658399,0.18853378,0.13320088,0.0075241327,-0.29510498,0.118896484,0.103832245,0.005447518,-0.0015172586,0.0012476146,-0.14554834,0.0,0.0,0.0,0.0,0.0,0.26533028,0.26527718,0.5720525,0.6353469,0.63483244,4.057975,0.0025070463,0.0025074247,0.002505837,0.09014764,0.0,0.0,0.0,0.0,0.0,0.0003491361,0.0068331533,0.014869807,0.0,0.0,0.0,0.0,0.0,0.0
1975863781,0.23113632,0.0600214,-0.06050992,-0.18231201,0.15628052,-0.021045685,0.0112915095,-0.011261065,-0.011501461,-0.14554834,0.0,0.0,0.0,0.0,0.0,0.26530287,0.2650403,0.57200384,0.6348517,0.63460517,4.057683,0.0025069304,0.002507319,0.0025057204,0.09014764,0.0,0.0,0.0,0.0,0.0,0.00062262,0.01393096,0.027013268,0.0,0.0,0.0,0.0,0.0,0.0
1976069079,0.18030548,-0.007963657,-0.15128982,-0.22747803,0.11694336,-0.07414627,0.009932684,-0.0071467496,-0.016256988,-0.14554834,0.0,0.0,0.0,0.0,0.0,0.26540142,0.26507014,0.572034,0.63374776,0.63358974,4.057703,0.0025068494,0.002507248,0.0025056237,0.09014764,0.0,0.0,0.0,0.0,0.0,0.00018011544,0.006361137,0.018117556,0.0,0.0,0.0,0.0,0.0,0.0
1976272076,0.2096901,0.1282506,-0.12590933,-0.16845703,0.14559937,-0.12688065,-0.001874866,0.0046465527,0.017997533,-0.14554834,0.0,0.0,0.0,0.0,0.0,0.26537883,0.26501504,0.5720249,0.6335435,0.63344127,4.057061,0.0025067232,0.002507122,0.0025055357,0.09014764,0.0,0.0,0.0,0.0,0.0,0.00039204973,0.011857519,0.023005195,0.0,0.0,0.0,0.0,0.0,0.0
1976476826,0.31676292,0.05941248,-0.08256531,-0.1373291,0.13912964,-0.5121498,0.025642186,-0.013357891,-0.04697016,-0.14554834,0.0,0.0,0.0,0.0,0.0,0.2654233,0.26506048,0.5720235,0.6335648,0.6334952,4.0570855,0.002506673,0.0025070899,0.0025054647,0.09014764,0.0,0.0,0.0,0.0,0.0,0.0006793034,0.016138274,0.02888571,0.0,0.0,0.0,0.0,0.0,0.0
1976677800,0.2548628,-0.006507635,-0.0039402246,-0.10083008,0.1268158,-0.4246254,0.01559769,-0.00834709,-0.018379062,-0.14554834,0.0,0.0,0.0,0.0,0.0,0.26542822,0.26509362,0.5720189,0.6320598,0.6320073,4.057119,0.002506603,0.002507016,0.0025053855,0.09014764,0.0,0.0,0.0,0.0,0.0,0.0002787097,0.013371183,0.02651366,0.0,0.0,0.0,0.0,0.0,0.0
1976878586,0.20106888,0.14676642,-0.021795094,-0.0793457,0.13510132,0.32961655,0.015675735,-0.0005918443,-0.0017705262,-0.14554834,0.0,0.0,0.0,0.0,0.0,0.26541987,0.26514062,0.57201356,0.63209176,0.63204604,4.057924,0.0025065413,0.0025069404,0.0025052896,0.09014764,0.0,0.0,0.0,0.0,0.0,0.00031577487,0.014015587,0.031448647,0.0,0.0,0.0,0.0,0.0,0.0
1977083308,0.34679794,0.023057222,-0.0720703,0.075683594,0.18409729,-1.1911354,0.012760308,0.006645754,-0.03613141,-0.14554834,0.0,0.0,0.0,0.0,0.0,0.2652421,0.2650191,0.5720252,0.63137555,0.6313332,4.05712,0.0025064517,0.0025068359,0.0025051914,0.09014764,0.0,0.0,0.0,0.0,0.0,0.00068077625,0.02124283,0.04851514,0.0,0.0,0.0,0.0,0.0,0.0
1977287225,0.38458824,-0.065449,-0.20347697,-0.07611084,0.10229492,0.31777573,0.012725133,-0.0035051666,0.01284802,-0.14554834,0.0,0.0,0.0,0.0,0.0,0.26533288,0.2652003,0.572007,0.6307359,0.63069403,4.057432,0.00250644,0.0025068163,0.0025051066,0.09014764,0.0,0.0,0.0,0.0,0.0,0.0012032574,0.028390283,0.056193616,0.0,0.0,0.0,0.0,0.0,0.0
1977488003,0.055335045,0.063667536,-0.21851328,-0.09185791,0.115448,-1.3387489,0.001502689,0.015432963,0.021521062,-0.14554834,0.0,0.0,0.0,0.0,0.0,0.26527056,0.26521173,0.5720007,0.6306959,0.63065803,4.057411,0.0025063474,0.002506718,0.0025050284,0.09014764,0.0,0.0,0.0,0.0,0.0,0.0010772006,0.019085256,0.05165097,0.0,0.0,0.0,0.0,0.0,0.0
1977692591,0.28798962,-0.07578659,-0.10206443,-0.13226318,0.088409424,-0.7123909,0.005603727,-0.011323281,-0.02539143,-0.14554834,0.0,0.0,0.0,0.0,0.0,0.26525262,0.26530844,0.5720163,0.6293853,0.6293565,4.05727,0.0025062996,0.002506667,0.002504957,0.09014764,0.0,0.0,0.0,0.0,0.0,0.0008975463,0.0199003,0.05009583,0.0,0.0,0.0,0.0,0.0,0.0
1977893758,0.22372723,0.023046732,-0.12831584,-0.101257324,0.0814209,-0.056102753,0.008634388,0.0057618767,0.015689969,-0.14554834,0.0,0.0,0.0,0.0,0.0,0.26521924,0.26538742,0.5720108,0.62934095,0.629329,4.0575633,0.002506255,0.0025066182,0.002504892,0.09014764,0.0,0.0,0.0,0.0,0.0,0.0004888401,0.01108105,0.022946458,0.0,0.0,0.0,0.0,0.0,0.0
1978094376,0.107904434,0.022510767,-0.1381402,-0.022033691,0.115356445,0.7801399,0.018468156,0.0040360354,-0.009188563,-0.14554834,0.0,0.0,0.0,0.0,0.0,0.26507825,0.26537696,0.57197195,0.6289219,0.6289357,4.057276,0.002506212,0.0025065702,0.0025048053,0.09014764,0.0,0.0,0.0,0.0,0.0,0.0003309442,0.0064743813,0.02001125,0.0,0.0,0.0,0.0,0.0,0.0
1978298398,0.22887135,-0.019164324,-0.021432444,0.20257568,0.20515442,0.1043663,0.020152014,0.004278969,0.00354594,-0.14554834,0.0,0.0,0.0,0.0,0.0,0.26477736,0.2651809,0.57195514,0.6278062,0.62784773,4.0573053,0.0025061923,0.0025065434,0.0025047115,0.09014764,0.0,0.0,0.0,0.0,0.0,0.0007391041,0.012722402,0.03780065,0.0,0.0,0.0,0.0,0.0,0.0
1978503270,0.0828619,0.043986797,-0.22848628,0.010498047,0.14619446,1.409977,0.005210161,0.009128785,-0.020409554,-0.14554834,0.0,0.0,0.0,0.0,0.0,0.2648218,0.26535776,0.57201535,0.6286303,0.6287238,4.0572944,0.00250616,0.0025065122,0.0025046426,0.09014764,0.0,0.0,0.0,0.0,0.0,0.0006642754,0.008340029,0.030582774,0.0,0.0,0.0,0.0,0.0,0.0
1978704108,0.05651951,-0.06722784,0.1662518,-0.019470215,0.13702393,-0.75756454,-0.010727011,0.0051540397,0.040522933,-0.14554834,0.0,0.0,0.0,0.0,0.0,0.26472056,0.26535243,0.5720107,0.627146,0.62729466,4.057579,0.002506144,0.002506499,0.0025045825,0.09014764,0.0,0.0,0.0,0.0,0.0,0.00023061571,0.0028079404,0.0074701747,0.0,0.0,0.0,0.0,0.0,0.0
1978908858,0.1519537,-0.030923128,-0.1821757,-0.07220459,0.121536255,-0.1506691,0.020312026,-0.010872439,-0.03450626,-0.14554834,0.0,0.0,0.0,0.0,0.0,0.26469192,0.26540485,0.5720262,0.6258182,0.6260336,4.0576987,0.0025061055,0.0025064598,0.0025045262,0.09014764,0.0,0.0,0.0,0.0,0.0,0.00015169612,0.0038968406,0.013063493,0.0,0.0,0.0,0.0,0.0,0.0
1979109115,0.10029507,-0.022517681,0.05338394,-0.09863281,0.11740112,1.1951866,0.00013760477,-0.025250588,-0.028312117,-0.14554834,0.0,0.0,0.0,0.0,0.0,0.26464006,0.26544616,0.5720161,0.6257605,0.62604386,4.057393,0.0025060817,0.0025064407,0.0025044577,0.09014764,0.0,0.0,0.0,0.0,0.0,0.00017710016,0.012533545,0.03893128,0.0,0.0,0.0,0.0,0.0,0.0
1979313748,0.15905666,0.010004282,0.12053557,-0.042297363,0.15234375,-0.051120758,0.00013760477,-0.025250588,-0.028312117,0.07090235,0.0,0.0,0.0,0.0,0.0,0.26449767,0.2653494,0.5719777,0.6253145,0.6256473,4.057405,0.0025060817,0.0025064407,0.0025044577,0.090159215,0.0,0.0,0.0,0.0,0.0,0.00023131452,0.0028905144,0.0072187176,0.0,0.0,0.0,0.0,0.0,0.0
1979514210,0.08643055,0.10552788,-0.31258485,-0.0748291,0.14578247,0.11401749,0.00013760477,-0.025250588,-0.028312117,0.054355145,0.0,0.0,0.0,0.0,0.0,0.2644045,0.26528886,0.5719711,0.6253223,0.62571114,4.0574007,0.0025060817,0.0025064407,0.0025044577,0.09015833,0.0,0.0,0.0,0.0,0.0,0.0010694374,0.007549593,0.013223253,0.0,0.0,0.0,0.0,0.0,0.0
1979714970,0.11436844,-0.0905087,-0.01186347,-0.123046875,0.12736511,0.16451645,0.00013760477,-0.025250588,-0.028312117,-0.04760194,0.0,0.0,0.0,0.0,0.0,0.26435855,0.26523936,0.571989,0.6240016,0.6244493,4.0572667,0.0025060817,0.0025064407,0.0025044577,0.09015715,0.0,0.0,0.0,0.0,0.0,0.0008759622,0.0033687567,0.011759679,0.0,0.0,0.0,0.0,0.0,0.0
1979916095,0.027965546,0.028027296,-0.1817017,-0.17785645,0.10775757,0.03105545,0.00013760477,-0.025250588,-0.028312117,-0.0069622993,0.0,0.0,0.0,0.0,0.0,0.26436722,0.2652588,0.5719287,0.6226465,0.62315106,4.0571404,0.0025060817,0.0025064407,0.0025044577,0.09015568,0.0,0.0,0.0,0.0,0.0,0.0007118379,0.009752409,0.02593654,0.0,0.0,0.0,0.0,0.0,0.0
1980119845,0.021333694,-0.1345067,-0.01610583,-0.105651855,0.12432861,0.113422394,0.00013760477,-0.025250588,-0.028312117,0.008645058,0.0,0.0,0.0,0.0,0.0,0.2642623,0.26514766,0.5719698,0.6221575,0.62269807,4.0571632,0.0025060817,0.0025064407,0.0025044577,0.09015481,0.0,0.0,0.0,0.0,0.0,6.792852e-05,0.011292082,0.024114005,0.0,0.0,0.0,0.0,0.0,0.0
1980320832,0.048698425,0.002679348,-0.0069792196,-0.1274414,0.12510681,0.29095078,0.00013760477,-0.025250588,-0.028312117,-0.038451433,0.0,0.0,0.0,0.0,0.0,0.26424086,0.2651093,0.5719668,0.6221291,0.62271506,4.0571694,0.0025060817,0.0025064407,0.0025044577,0.0901537,0.0,0.0,0.0,0.0,0.0,0.00033752128,0.008615314,0.020560505,0.0,0.0,0.0,0.0,0.0,0.0
1980521670,0.09283352,-0.04302931,-0.10265911,-0.13311768,0.120895386,-0.025341034,0.00013760477,-0.025250588,-0.028312117,-0.055430412,0.0,0.0,0.0,0.0,0.0,0.26421776,0.26504552,0.5718846,0.6221002,0.6227236,4.056931,0.0025060817,0.0025064407,0.0025044577,0.09015246,0.0,0.0,0.0,0.0,0.0,0.0002456989,0.009618031,0.0264784,0.0,0.0,0.0,0.0,0.0,0.0
1980726170,0.07828808,0.0026385784,-0.16295768,-0.20794678,0.0892334,-0.21097946,0.00013760477,-0.025250588,-0.028312117,0.053297997,0.0,0.0,0.0,0.0,0.0,0.26425692,0.26506072,0.5719153,0.62393105,0.6245971,4.0567565,0.0025060817,0.0025064407,0.0025044577,0.09015128,0.0,0.0,0.0,0.0,0.0,0.00012936005,0.011654456,0.03499454,0.0,0.0,0.0,0.0,0.0,0.0
1980927291,0.02790451,-0.047718287,-0.048694834,-0.12432861,0.10145569,0.34498215,0.00013760477,-0.025250588,-0.028312117,0.053132772,0.0,0.0,0.0,0.0,0.0,0.2641786,0.264938,0.5718857,0.6235139,0.6241905,4.0568333,0.0025060817,0.0025064407,0.0025044577,0.09015033,0.0,0.0,0.0,0.0,0.0,0.00045687892,0.0120505355,0.037487254,0.0,0.0,0.0,0.0,0.0,0.0
1981131379,-0.052577972,-0.06954479,0.07528934,-0.13110352,0.08831787,1.2955818,0.00013760477,-0.025250588,-0.028312117,-0.004267931,0.0,0.0,0.0,0.0,0.0,0.26417133,0.26491827,0.57188463,0.62347835,0.624176,4.0566382,0.0025060817,0.0025064407,0.0025044577,0.09014963,0.0,0.0,0.0,0.0,0.0,0.00024810742,0.01208388,0.02739964,0.0,0.0,0.0,0.0,0.0,0.0
1981331977,0.100896835,-0.09802246,0.071201935,-0.13342285,0.07344055,-0.75027084,0.00013760477,-0.025250588,-0.028312117,0.021318197,0.0,0.0,0.0,0.0,0.0,0.2641502,0.26486516,0.5718849,0.62347823,0.62419164,4.0566916,0.0025060817,0.0025064407,0.0025044577,0.09014858,0.0,0.0,0.0,0.0,0.0,0.00019900755,0.00962282,0.022023063,0.0,0.0,0.0,0.0,0.0,0.0
1981532900,0.11237621,-0.034054756,0.02888461,-0.14880371,0.075027466,-0.47162247,0.00013760477,-0.025250588,-0.028312117,0.007859945,0.0,0.0,0.0,0.0,0.0,0.2641904,0.2648608,0.5718855,0.6234807,0.6242024,4.0567784,0.0025060817,0.0025064407,0.0025044577,0.09014761,0.0,0.0,0.0,0.0,0.0,0.00012994936,0.0061037582,0.016366217,0.0,0.0,0.0,0.0,0.0,0.0
1981733651,0.059140205,-0.09238267,0.012854166,-0.15722656,0.07019043,0.16613388,0.00013760477,-0.025250588,-0.028312117,-0.013974667,0.0,0.0,0.0,0.0,0.0,0.26423705,0.26484057,0.57188237,0.6234951,0.6242166,4.0568476,0.0025060817,0.0025064407,0.0025044577,0.09014693,0.0,0.0,0.0,0.0,0.0,0.00020032008,0.010471138,0.027781053,0.0,0.0,0.0,0.0,0.0,0.0
1981938556,0.031075478,-0.024159193,-0.00464084,-0.08062744,0.09300232,-0.07778549,0.00013760477,-0.025250588,-0.028312117,-0.05526066,0.0,0.0,0.0,0.0,0.0,0.26417464,0.26471174,0.5718457,0.6231056,0.6238067,4.0566845,0.0025060817,0.0025064407,0.0025044577,0.09014629,0.0,0.0,0.0,0.0,0.0,0.00044795152,0.0075566685,0.022823706,0.0,0.0,0.0,0.0,0.0,0.0
1982138406,0.013399124,-0.12784934,0.024816215,-0.17016602,0.04949951,0.1235466,0.00013760477,-0.025250588,-0.028312117,0.011763096,0.0,0.0,0.0,0.0,0.0,0.26426947,0.2647319,0.57179815,0.6235323,0.6242262,4.05677,0.0025060817,0.0025064407,0.0025044577,0.09014593,0.0,0.0,0.0,0.0,0.0,0.00017527738,0.01000389,0.021472972,0.0,0.0,0.0,0.0,0.0,0.0
1982343310,0.028166771,-0.12557125,0.0142767355,-0.16265869,0.04058838,-0.027309418,0.00013760477,-0.025250588,-0.028312117,-0.038501263,0.0,0.0,0.0,0.0,0.0,0.2642813,0.26468933,0.57179487,0.6235502,0.62421864,4.0565495,0.0025060817,0.0025064407,0.0025044577,0.09014547,0.0,0.0,0.0,0.0,0.0,0.00027303162,0.011481296,0.02610774,0.0,0.0,0.0,0.0,0.0,0.0
1982544013,0.03582287,-0.040201426,0.025993874,-0.16625977,0.03916931,-0.57074356,0.00013760477,-0.025250588,-0.028312117,0.007975817,0.0,0.0,0.0,0.0,0.0,0.26425505,0.26460308,0.5717944,0.6235643,0.6242022,4.056421,0.0025060817,0.0025064407,0.0025044577,0.09014523,0.0,0.0,0.0,0.0,0.0,0.0001672927,0.008291383,0.019300694,0.0,0.0,0.0,0.0,0.0,0.0
1982744633,0.045196533,-0.06067705,0.030989595,-0.06994629,0.07862854,-0.47333908,0.00013760477,-0.025250588,-0.028312117,0.024464369,0.0,0.0,0.0,0.0,0.0,0.26415297,0.26445082,0.57175744,0.6230306,0.6236248,4.056392,0.0025060817,0.0025064407,0.0025044577,0.09014506,0.0,0.0,0.0,0.0,0.0,0.00034417142,0.0052805278,0.012529213,0.0,0.0,0.0,0.0,0.0,0.0
1982945608,0.026511192,-0.058193922,0.06325933,-0.16687012,0.04269409,-0.80988693,0.00013760477,-0.025250588,-0.028312117,0.034776926,0.0,0.0,0.0,0.0,0.0,0.26423615,0.26448843,0.571712,0.6234354,0.62400126,4.056243,0.0025060817,0.0025064407,0.0025044577,0.0901448,0.0,0.0,0.0,0.0,0.0,0.00010490659,0.0053865877,0.013272945,0.0,0.0,0.0,0.0,0.0,0.0
1983145582,0.046857834,-0.0818758,-0.101854,-0.17785645,0.03250122,0.27853775,0.00013760477,-0.025250588,-0.028312117,0.06536746,0.0,0.0,0.0,0.0,0.0,0.2642479,0.2644647,0.571714,0.6234708,0.62399906,4.0563707,0.0025060817,0.0025064407,0.0025044577,0.09014462,0.0,0.0,0.0,0.0,0.0,0.0004704581,0.0072174906,0.020322077,0.0,0.0,0.0,0.0,0.0,0.0
1983346481,-0.048683167,0.014419317,0.048113585,-0.20251465,0.035614014,-0.21705246,0.00013760477,-0.025250588,-0.028312117,0.010004997,0.0,0.0,0.0,0.0,0.0,0.26427278,0.26444992,0.57171166,0.62350214,0.623992,4.056443,0.0025060817,0.0025064407,0.0025044577,0.09014434,0.0,0.0,0.0,0.0,0.0,0.00044911273,0.008414163,0.01855309,0.0,0.0,0.0,0.0,0.0,0.0
1983547225,0.01822853,-0.07076049,0.040825255,0.018737793,0.1149292,-0.26942062,0.00013760477,-0.025250588,-0.028312117,0.023989677,0.0,0.0,0.0,0.0,0.0,0.26408455,0.2642335,0.5717688,0.6224453,0.6228845,4.056795,0.0025060817,0.0025064407,0.0025044577,0.09014417,0.0,0.0,0.0,0.0,0.0,0.0002317218,0.0064947763,0.022056853,0.0,0.0,0.0,0.0,0.0,0.0
1983751205,0.038567543,-0.11637616,-0.04774453,-0.22155762,0.0019226074,0.08736038,0.00013760477,-0.025250588,-0.028312117,-0.042633295,0.0,0.0,0.0,0.0,0.0,0.2643077,0.26442596,0.57177156,0.623656,0.6240716,4.05685,0.0025060817,0.0025064407,0.0025044577,0.090144,0.0,0.0,0.0,0.0,0.0,0.00020294242,0.00882003,0.023766052,0.0,0.0,0.0,0.0,0.0,0.0
1983951838,0.017036438,-0.044379234,-0.026911233,-0.13555908,0.0146484375,0.66332626,0.00013760477,-0.025250588,-0.028312117,-0.015993118,0.0,0.0,0.0,0.0,0.0,0.26424423,0.26433358,0.57173,0.62330836,0.6236837,4.0568953,0.0025060817,0.0025064407,0.0025044577,0.09014397,0.0,0.0,0.0,0.0,0.0,0.00018511248,0.0073646284,0.01970143,0.0,0.0,0.0,0.0,0.0,0.0
1984152813,-0.06060028,-0.062989235,-0.056021474,-0.13378906,0.0012664795,0.43738174,0.00013760477,-0.025250588,-0.028312117,0.012378216,0.0,0.0,0.0,0.0,0.0,0.26429814,0.26436502,0.5717186,0.6233703,0.62370926,4.056641,0.0025060817,0.0025064407,0.0025044577,0.09014382,0.0,0.0,0.0,0.0,0.0,0.00024347781,0.007985673,0.018004602,0.0,0.0,0.0,0.0,0.0,0.0
1984353889,0.045715332,-0.015420675,0.034685522,-0.14752197,-0.017501831,-0.029277802,0.00013760477,-0.025250588,-0.028312117,0.058119297,0.0,0.0,0.0,0.0,0.0,0.26433125,0.26438227,0.5716354,0.62343526,0.62373966,4.0564747,0.0025060817,0.0025064407,0.0025044577,0.09014388,0.0,0.0,0.0,0.0,0.0,0.00048742656,0.0053419187,0.01655137,0.0,0.0,0.0,0.0,0.0,0.0
1984554413,-0.003455162,-0.09625125,-0.012484573,-0.14526367,-0.024215698,0.5048561,0.00013760477,-0.025250588,-0.028312117,-0.018693686,0.0,0.0,0.0,0.0,0.0,0.26437345,0.26439932,0.57163215,0.6234975,0.6237688,4.0562897,0.0025060817,0.0025064407,0.0025044577,0.09014379,0.0,0.0,0.0,0.0,0.0,0.0005346618,0.0060311113,0.013616082,0.0,0.0,0.0,0.0,0.0,0.0
1984758612,-0.00050640106,-0.028052092,-0.09412942,-0.14465332,-0.020019531,0.7174797,0.00013760477,-0.025250588,-0.028312117,0.114433765,0.0,0.0,0.0,0.0,0.0,0.2643581,0.26436806,0.57162577,0.6235147,0.6237549,4.056509,0.0025060817,0.0025064407,0.0025044577,0.09014375,0.0,0.0,0.0,0.0,0.0,0.00041563722,0.008851034,0.028588396,0.0,0.0,0.0,0.0,0.0,0.0
1984959302,-0.004214287,-0.037439108,0.055435777,-0.20233154,-0.038772583,0.67438126,0.00013760477,-0.025250588,-0.028312117,-0.025234938,0.0,0.0,0.0,0.0,0.0,0.2643512,0.26433954,0.5716419,0.6237491,0.6239592,4.0562897,0.0025060817,0.0025064407,0.0025044577,0.09014358,0.0,0.0,0.0,0.0,0.0,0.00030536318,0.0073401965,0.020711984,0.0,0.0,0.0,0.0,0.0,0.0
1985160010,0.018772125,-0.03883481,-0.0833931,-0.19940186,-0.034301758,-0.31979752,0.00013760477,-0.025250588,-0.028312117,-0.086392164,0.0,0.0,0.0,0.0,0.0,0.26435894,0.26432306,0.5716372,0.62377,0.6239493,4.056368,0.0025060817,0.0025064407,0.0025044577,0.090143465,0.0,0.0,0.0,0.0,0.0,0.00040137567,0.0077734333,0.022537785,0.0,0.0,0.0,0.0,0.0,0.0
1985360859,-0.04591751,-0.057387114,-0.01243858,-0.19891357,-0.039794922,0.20336533,0.00013760477,-0.025250588,-0.028312117,0.01843524,0.0,0.0,0.0,0.0,0.0,0.26438403,0.26433116,0.571632,0.62528414,0.62543285,4.0564394,0.0025060817,0.0025064407,0.0025044577,0.090143315,0.0,0.0,0.0,0.0,0.0,0.0005343766,0.009905212,0.028983233,0.0,0.0,0.0,0.0,0.0,0.0
1985561440,-0.109802246,-0.054809332,-0.103086546,-0.19952393,-0.042144775,-0.08118057,0.00013760477,-0.025250588,-0.028312117,0.034844637,0.0,0.0,0.0,0.0,0.0,0.26438877,0.26432648,0.57162404,0.62532496,0.62544364,4.0564904,0.0025060817,0.0025064407,0.0025044577,0.090143345,0.0,0.0,0.0,0.0,0.0,0.0004161549,0.012781588,0.03353012,0.0,0.0,0.0,0.0,0.0,0.0
1985765648,-0.11369228,-0.050260067,0.026623761,-0.14263916,-0.00630188,-0.08736038,0.00013760477,-0.025250588,-0.028312117,0.022004604,0.0,0.0,0.0,0.0,0.0,0.26429224,0.26422352,0.5715863,0.6264467,0.6265382,4.0563216,0.0025060817,0.0025064407,0.0025044577,0.09014335,0.0,0.0,0.0,0.0,0.0,0.00046540526,0.0089507615,0.017442266,0.0,0.0,0.0,0.0,0.0,0.0
1985966448,-0.013472557,-0.07756376,-0.07922863,-0.15356445,-0.005050659,0.42762375,0.00013760477,-0.025250588,-0.028312117,0.0047819614,0.0,0.0,0.0,0.0,0.0,0.26429567,0.2642226,0.57150984,0.62653637,0.62660307,4.0563855,0.0025060817,0.0025064407,0.0025044577,0.09014334,0.0,0.0,0.0,0.0,0.0,0.00039323507,0.005363428,0.011296124,0.0,0.0,0.0,0.0,0.0,0.0
1986167227,-0.041526794,0.03574419,0.027229004,-0.14691162,0.006362915,-0.12590408,0.00013760477,-0.025250588,-0.028312117,0.01999116,0.0,0.0,0.0,0.0,0.0,0.26430848,0.264232,0.57157594,0.62793994,0.62798476,4.056347,0.0025060817,0.0025064407,0.0025044577,0.0901436,0.0,0.0,0.0,0.0,0.0,0.00026658055,0.0072157676,0.020877598,0.0,0.0,0.0,0.0,0.0,0.0
1986367811,-0.013025284,0.0064029694,-0.04543454,-0.18780518,0.017425537,-0.20458603,0.00013760477,-0.025250588,-0.028312117,-0.037267208,0.0,0.0,0.0,0.0,0.0,0.26434255,0.26426452,0.57157296,0.6280591,0.62808466,4.0563912,0.0025060817,0.0025064407,0.0025044577,0.090143576,0.0,0.0,0.0,0.0,0.0,0.00021003278,0.0048100706,0.0125036165,0.0,0.0,0.0,0.0,0.0,0.0
1986567813,-0.00467968,-0.041471004,0.016292192,-0.29571533,-0.015075684,-0.9186287,0.00013760477,-0.025250588,-0.028312117,0.002387762,0.0,0.0,0.0,0.0,0.0,0.26441985,0.26433936,0.5715198,0.6284983,0.6285063,4.056306,0.0025060817,0.0025064407,0.0025044577,0.09014371,0.0,0.0,0.0,0.0,0.0,0.00028064474,0.004743845,0.012724806,0.0,0.0,0.0,0.0,0.0,0.0
1986772848,-0.027259827,-0.055921316,0.10646778,-0.27392578,-0.0019378662,0.026561737,0.00013760477,-0.025250588,-0.028312117,0.0057411194,0.0,0.0,0.0,0.0,0.0,0.26436356,0.26428112,0.5715077,0.6298668,0.6298606,4.0563664,0.0025060817,0.0025064407,0.0025044577,0.09014383,0.0,0.0,0.0,0.0,0.0,0.0003475771,0.005256581,0.014547703,0.0,0.0,0.0,0.0,0.0,0.0
1986977416,-0.03876877,-0.06979561,0.06326617,-0.29327393,-0.007232666,-0.38186264,0.00013760477,-0.025250588,-0.028312117,-0.0033333302,0.0,0.0,0.0,0.0,0.0,0.2643371,0.26425314,0.5715014,0.62994623,0.6299269,4.056449,0.0025060817,0.0025064407,0.0025044577,0.0901439,0.0,0.0,0.0,0.0,0.0,0.00041383647,0.0071416525,0.021332622,0.0,0.0,0.0,0.0,0.0,0.0
1987178435,0.08291912,-0.02751255,-0.032535154,-0.3098755,-0.0048980713,0.41715622,0.00013760477,-0.025250588,-0.028312117,-0.021350384,0.0,0.0,0.0,0.0,0.0,0.26432362,0.26423907,0.57149464,0.6300094,0.62997866,4.056214,0.0025060817,0.0025064407,0.0025044577,0.090144135,0.0,0.0,0.0,0.0,0.0,0.00048435875,0.010332307,0.033747375,0.0,0.0,0.0,0.0,0.0,0.0
1987379219,-0.031762123,-0.091079235,-0.015253134,-0.3215332,-0.009048462,-0.6898689,0.00013760477,-0.025250588,-0.028312117,-0.009084702,0.0,0.0,0.0,0.0,0.0,0.26434934,0.26426598,0.5714919,0.63003296,0.6299922,4.0562806,0.0025060817,0.0025064407,0.0025044577,0.09014418,0.0,0.0,0.0,0.0,0.0,0.00041926425,0.004882492,0.013624219,0.0,0.0,0.0,0.0,0.0,0.0
1987580129,0.05247879,-0.09193897,-0.047284417,-0.33416748,-0.01789856,-0.60461044,0.00013760477,-0.025250588,-0.028312117,-0.03023076,0.0,0.0,0.0,0.0,0.0,0.26432678,0.26424468,0.57149,0.63008636,0.63003695,4.0560813,0.0025060817,0.0025064407,0.0025044577,0.09014436,0.0,0.0,0.0,0.0,0.0,0.00036072996,0.0041933185,0.01291934,0.0,0.0,0.0,0.0,0.0,0.0
1987780082,-0.029930115,-0.006957531,-0.051128887,-0.34014893,-0.012313843,-0.7784233,0.00013760477,-0.025250588,-0.028312117,0.0050108433,0.0,0.0,0.0,0.0,0.0,0.26435608,0.26427764,0.5714208,0.630127,0.6300702,4.0558133,0.0025060817,0.0025064407,0.0025044577,0.0901446,0.0,0.0,0.0,0.0,0.0,0.0005240612,0.006931163,0.020387154,0.0,0.0,0.0,0.0,0.0,0.0
1987984622,-0.100904465,0.00090765953,-0.050394442,-0.31329346,-0.0025482178,0.24031448,0.00013760477,-0.025250588,-0.028312117,-0.037771463,0.0,0.0,0.0,0.0,0.0,0.2642891,0.26421386,0.5714237,0.62998223,0.62991965,4.0559015,0.0025060817,0.0025064407,0.0025044577,0.09014466,0.0,0.0,0.0,0.0,0.0,0.00048892724,0.0073365,0.017454362,0.0,0.0,0.0,0.0,0.0,0.0
1988185691,-0.0074386597,-0.044163227,0.012894273,-0.3289795,0.008834839,-0.3801613,0.00013760477,-0.025250588,-0.028312117,-0.05259013,0.0,0.0,0.0,0.0,0.0,0.26430333,0.2642269,0.57142895,0.6300353,0.6299677,4.056003,0.0025060817,0.0025064407,0.0025044577,0.09014464,0.0,0.0,0.0,0.0,0.0,0.00041370123,0.0050626793,0.013631029,0.0,0.0,0.0,0.0,0.0,0.0
1988386480,0.0071992874,-0.03685236,-0.014484033,-0.2522583,0.04458618,0.26612473,0.00013760477,-0.025250588,-0.028312117,0.04141307,0.0,0.0,0.0,0.0,0.0,0.26423705,0.2641627,0.57147497,0.6297098,0.62963974,4.056087,0.0025060817,0.0025064407,0.0025044577,0.09014443,0.0,0.0,0.0,0.0,0.0,0.00030182814,0.005418344,0.018478796,0.0,0.0,0.0,0.0,0.0,0.0
1988586868,0.019721985,-0.08808708,0.0005817935,-0.48388672,-0.036209106,-0.35557175,0.00013760477,-0.025250588,-0.028312117,0.0050907135,0.0,0.0,0.0,0.0,0.0,0.26444155,0.26437297,0.57141966,0.63087165,0.6307955,4.056173,0.0025060817,0.0025064407,0.0025044577,0.0901445,0.0,0.0,0.0,0.0,0.0,0.00045081956,0.0051994724,0.017609727,0.0,0.0,0.0,0.0,0.0,0.0
1988786968,0.069363594,-0.05157423,0.03192141,-0.29431152,0.013442993,0.9896202,0.00013760477,-0.025250588,-0.028312117,0.042188883,0.0,0.0,0.0,0.0,0.0,0.26428717,0.26422545,0.5714386,0.6300724,0.62999773,4.0559864,0.0025060817,0.0025064407,0.0025044577,0.090144455,0.0,0.0,0.0,0.0,0.0,0.00031677223,0.002890382,0.009382059,0.0,0.0,0.0,0.0,0.0,0.0
1988988012,0.10358238,-0.02242446,0.08186222,-0.21588135,0.04321289,0.8418617,0.00013760477,-0.025250588,-0.028312117,0.017320156,0.0,0.0,0.0,0.0,0.0,0.26421067,0.26415092,0.57141453,0.6282383,0.62816423,4.0558324,0.0025060817,0.0025064407,0.0025044577,0.090144716,0.0,0.0,0.0,0.0,0.0,0.00013720786,0.0066688275,0.014031195,0.0,0.0,0.0,0.0,0.0,0.0
1989188854,0.15089989,-0.093613386,0.10282849,-0.21710205,0.032821655,0.012485504,0.00013760477,-0.025250588,-0.028312117,0.02143693,0.0,0.0,0.0,0.0,0.0,0.26420125,0.26414824,0.57142437,0.62825596,0.6281822,4.0556846,0.0025060817,0.0025064407,0.0025044577,0.09014489,0.0,0.0,0.0,0.0,0.0,0.00024244851,0.011672266,0.03096552,0.0,0.0,0.0,0.0,0.0,0.0
1989389685,0.07068157,-0.005624056,-0.046634603,-0.22772217,0.030319214,-0.5266075,0.00013760477,-0.025250588,-0.028312117,0.04560709,0.0,0.0,0.0,0.0,0.0,0.26421052,0.26415735,0.571365,0.6283072,0.6282343,4.055553,0.0025060817,0.0025064407,0.0025044577,0.090144895,0.0,0.0,0.0,0.0,0.0,0.00034663783,0.011837052,0.035523433,0.0,0.0,0.0,0.0,0.0,0.0
1989589725,-0.02382946,0.012683153,0.060905844,-0.24139404,0.036453247,-0.35037613,0.00013760477,-0.025250588,-0.028312117,0.038214922,0.0,0.0,0.0,0.0,0.0,0.26421446,0.2641562,0.57137704,0.628352,0.62828016,4.0557013,0.0025060817,0.0025064407,0.0025044577,0.09014475,0.0,0.0,0.0,0.0,0.0,0.0004017517,0.0052577537,0.014228344,0.0,0.0,0.0,0.0,0.0,0.0
1989790418,0.047614098,-0.0035374165,0.070777684,-0.25494385,0.047836304,0.40385056,0.00013760477,-0.025250588,-0.028312117,-0.00101161,0.0,0.0,0.0,0.0,0.0,0.2642346,0.26417246,0.5713895,0.6268989,0.6268281,4.055585,0.0025060817,0.0025064407,0.0025044577,0.09014462,0.0,0.0,0.0,0.0,0.0,0.00048984087,0.009169334,0.02833553,0.0,0.0,0.0,0.0,0.0,0.0
1989991211,0.09440899,-0.11382985,0.048867255,-0.2593994,0.035369873,0.27296066,0.00013760477,-0.025250588,-0.028312117,0.012423754,0.0,0.0,0.0,0.0,0.0,0.26424053,0.26417732,0.5714021,0.62691844,0.6268487,4.0557237,0.0025060817,0.0025064407,0.0025044577,0.09014468,0.0,0.0,0.0,0.0,0.0,0.00023338704,0.009454241,0.030224472,0.0,0.0,0.0,0.0,0.0,0.0
1990192114,0.044520378,-0.061148882,0.045829013,-0.26550293,0.023742676,1.2446861,0.00013760477,-0.025250588,-0.028312117,0.003114462,0.0,0.0,0.0,0.0,0.0,0.26418638,0.26412246,0.5714089,0.6268929,0.6268243,4.055588,0.0025060817,0.0025064407,0.0025044577,0.0901448,0.0,0.0,0.0,0.0,0.0,0.00039749412,0.01418638,0.04735952,0.0,0.0,0.0,0.0,0.0,0.0
1990392808,0.08718872,-0.061722994,0.01114209,-0.16552734,0.035720825,0.6115074,0.00013760477,-0.025250588,-0.028312117,-0.1117053,0.0,0.0,0.0,0.0,0.0,0.26413804,0.26407516,0.5713909,0.62653774,0.6264711,4.055469,0.0025060817,0.0025064407,0.0025044577,0.09014464,0.0,0.0,0.0,0.0,0.0,0.00016025256,0.010290204,0.033364713,0.0,0.0,0.0,0.0,0.0,0.0
1990596809,0.0003452301,-0.07496977,-0.07948755,-0.26513672,-0.011688232,-0.124607086,0.00013760477,-0.025250588,-0.028312117,0.006096363,0.0,0.0,0.0,0.0,0.0,0.2642512,0.2641894,0.57136047,0.62696826,0.6269017,4.0556297,0.0025060817,0.0025064407,0.0025044577,0.09014467,0.0,0.0,0.0,0.0,0.0,0.0002869935,0.0074165775,0.025381014,0.0,0.0,0.0,0.0,0.0,0.0
1990797619,0.05628872,0.04518175,-0.087715365,-0.27288818,-0.012191772,-0.5884056,0.00013760477,-0.025250588,-0.028312117,0.08689666,0.0,0.0,0.0,0.0,0.0,0.26421148,0.26415044,0.57136863,0.625476,0.62541085,4.0557456,0.0025060817,0.0025064407,0.0025044577,0.09014472,0.0,0.0,0.0,0.0,0.0,0.00019936026,0.0043575047,0.01632645,0.0,0.0,0.0,0.0,0.0,0.0
1991002415,0.047786713,-0.072733164,-0.00057851896,-0.25567627,-0.015899658,1.1797905,0.00013760477,-0.025250588,-0.028312117,-0.0030956268,0.0,0.0,0.0,0.0,0.0,0.26412794,0.26406613,0.5713748,0.6254538,0.6253902,4.055895,0.0025060817,0.0025064407,0.0025044577,0.09014503,0.0,0.0,0.0,0.0,0.0,0.00034722968,0.004267777,0.012859125,0.0,0.0,0.0,0.0,0.0,0.0
1991203304,0.15929508,-0.09123945,0.18034856,-0.23492432,-0.012832642,0.41028976,0.00013760477,-0.025250588,-0.028312117,-0.029978752,0.0,0.0,0.0,0.0,0.0,0.26406023,0.2639963,0.5713763,0.6238934,0.6238312,4.05599,0.0025060817,0.0025064407,0.0025044577,0.09014507,0.0,0.0,0.0,0.0,0.0,0.00038484586,0.007055935,0.015916139,0.0,0.0,0.0,0.0,0.0,0.0
1991403296,0.033869743,-0.07621074,0.07760905,-0.23675537,-0.020324707,-0.084293365,0.00013760477,-0.025250588,-0.028312117,0.115802765,0.0,0.0,0.0,0.0,0.0,0.26404995,0.26398477,0.5713761,0.6223613,0.6223003,4.056067,0.0025060817,0.0025064407,0.0025044577,0.09014509,0.0,0.0,0.0,0.0,0.0,0.00030567797,0.0049172626,0.013237991,0.0,0.0,0.0,0.0,0.0,0.0
1991608024,0.025424957,-0.058576584,0.17617741,-0.24353027,-0.02368164,0.31342697,0.00013760477,-0.025250588,-0.028312117,0.010105133,0.0,0.0,0.0,0.0,0.0,0.26406533,0.26399958,0.5713783,0.6223105,0.6222507,4.0560074,0.0025060817,0.0025064407,0.0025044577,0.09014531,0.0,0.0,0.0,0.0,0.0,0.00039122955,0.003279865,0.011750162,0.0,0.0,0.0,0.0,0.0,0.0
1991808812,-0.05633068,-0.06857896,-0.0011191517,-0.21606445,-0.012786865,-0.079372406,0.00013760477,-0.025250588,-0.028312117,0.016878843,0.0,0.0,0.0,0.0,0.0,0.26400816,0.26394248,0.57137454,0.6220832,0.6220246,4.056069,0.0025060817,0.0025064407,0.0025044577,0.09014541,0.0,0.0,0.0,0.0,0.0,0.00034230537,0.0034593814,0.012924331,0.0,0.0,0.0,0.0,0.0,0.0
1992013780,0.14053059,-0.059868097,0.0929503,-0.20666504,-0.017700195,0.19244766,0.00013760477,-0.025250588,-0.028312117,-0.0004081726,0.0,0.0,0.0,0.0,0.0,0.26387605,0.26381,0.5713769,0.62055635,0.62049806,4.056142,0.0025060817,0.0025064407,0.0025044577,0.09014546,0.0,0.0,0.0,0.0,0.0,0.00017470476,0.00840291,0.024326535,0.0,0.0,0.0,0.0,0.0,0.0
1992214200,0.0028877258,-0.0064828396,-0.0487777,-0.1987915,-0.03237915,0.56458664,0.00013760477,-0.025250588,-0.028312117,-0.014143467,0.0,0.0,0.0,0.0,0.0,0.2638833,0.2638183,0.5713793,0.6189786,0.6189205,4.0560803,0.0025060817,0.0025064407,0.0025044577,0.090145536,0.0,0.0,0.0,0.0,0.0,0.00030968784,0.0030183948,0.010210239,0.0,0.0,0.0,0.0,0.0,0.0
1992414406,0.06393814,-0.11056566,-0.013245761,-0.23083496,-0.052093506,0.017261505,0.00013760477,-0.025250588,-0.028312117,-0.041045427,0.0,0.0,0.0,0.0,0.0,0.2639805,0.26391545,0.5714078,0.61911356,0.61905515,4.056155,0.0025060817,0.0025064407,0.0025044577,0.0901455,0.0,0.0,0.0,0.0,0.0,0.00031503494,0.004710767,0.015905552,0.0,0.0,0.0,0.0,0.0,0.0
1992619338,-0.0006656647,-0.063652515,0.12252239,-0.1651001,-0.015411377,0.022975922,0.00013760477,-0.025250588,-0.028312117,0.04828906,0.0,0.0,0.0,0.0,0.0,0.26396617,0.26390064,0.5713837,0.61720955,0.61715215,4.0563645,0.0025060817,0.0025064407,0.0025044577,0.09014551,0.0,0.0,0.0,0.0,0.0,0.00030511245,0.005766541,0.020876199,0.0,0.0,0.0,0.0,0.0,0.0
1992820030,0.020996094,-0.037149668,-0.03598448,-0.21990967,-0.03477478,0.91913986,0.00013760477,-0.025250588,-0.028312117,0.015771389,0.0,0.0,0.0,0.0,0.0,0.26400858,0.26393956,0.571409,0.61588943,0.6158313,4.056119,0.0025060817,0.0025064407,0.0025044577,0.090145715,0.0,0.0,0.0,0.0,0.0,0.00039897166,0.0068708463,0.02102722,0.0,0.0,0.0,0.0,0.0,0.0
1993020625,0.07501125,0.029384375,-0.051129084,-0.115112305,-0.0023040771,-0.74645615,0.00013760477,-0.025250588,-0.028312117,-0.04809141,0.0,0.0,0.0,0.0,0.0,0.26403219,0.2639616,0.5713811,0.61544293,0.615385,4.0562987,0.0025060817,0.0025064407,0.0025044577,0.09014512,0.0,0.0,0.0,0.0,0.0,0.00020118665,0.013112538,0.03560128,0.0,0.0,0.0,0.0,0.0,0.0
1993224964,0.07382202,-0.0039811134,0.1197398,-0.04788208,0.0013427734,-0.9163933,0.034933716,-0.02462333,-0.043426335,0.053363085,0.0,0.0,0.0,0.0,0.0,0.26424122,0.26420122,0.57136935,0.61529887,0.61523986,4.05611,0.0025116312,0.0025152138,0.0025148646,0.09014555,0.0,0.0,0.0,0.0,0.0,0.0004235318,0.015932275,0.04939717,0.0,0.0,0.0,0.0,0.0,0.0
1993425642,0.07667065,-0.2438879,0.11944768,0.05493164,-0.015594482,0.55801773,0.034354657,-0.017615661,-0.026914477,0.053363085,0.0,0.0,0.0,0.0,0.0,0.26433286,0.2644874,0.57133293,0.61492926,0.6148933,4.0564218,0.0025108994,0.0025145754,0.0025143903,0.09014555,0.0,0.0,0.0,0.0,0.0,0.00054031325,0.012243059,0.049105234,0.0,0.0,0.0,0.0,0.0,0.0
1993626390,0.11488199,-0.093310595,0.19990087,-0.028503418,-0.08502197,-0.22852707,0.032666326,-0.011049241,-0.029895872,0.053363085,0.0,0.0,0.0,0.0,0.0,0.26438332,0.26491863,0.5713836,0.6156462,0.61567104,4.05614,0.0025109437,0.0025140606,0.0025132135,0.09014555,0.0,0.0,0.0,0.0,0.0,0.0007135133,0.013142196,0.05045051,0.0,0.0,0.0,0.0,0.0,0.0
1993826996,0.115683556,-0.22474289,0.20936568,0.044036865,-0.100860596,0.25557327,0.029011443,-0.017987184,-0.0021532476,0.053363085,0.0,0.0,0.0,0.0,0.0,0.26414856,0.26502228,0.5713984,0.61683726,0.6169487,4.056056,0.0025110063,0.0025135942,0.0025121656,0.09014555,0.0,0.0,0.0,0.0,0.0,0.0008832889,0.016766356,0.055917874,0.0,0.0,0.0,0.0,0.0,0.0
1994028328,0.010292053,-0.15822291,0.010663927,0.07821655,-0.11250305,-0.77256393,0.0049783587,-0.02971387,0.0097643435,0.053363085,0.0,0.0,0.0,0.0,0.0,0.26397702,0.26505655,0.5714376,0.6167076,0.6169414,4.05598,0.0025110948,0.0025132047,0.0025114585,0.09014555,0.0,0.0,0.0,0.0,0.0,0.0009564772,0.015617251,0.049557056,0.0,0.0,0.0,0.0,0.0,0.0
1994227831,0.0535388,-0.21822596,0.07138896,0.21218872,-0.09213257,-0.58026505,-0.0012398921,-0.013069071,0.0034756958,0.053363085,0.0,0.0,0.0,0.0,0.0,0.26370096,0.2648531,0.5714049,0.6157581,0.61609614,4.056067,0.002511178,0.0025126634,0.0025108175,0.09014555,0.0,0.0,0.0,0.0,0.0,0.0016746821,0.009282362,0.03250045,0.0,0.0,0.0,0.0,0.0,0.0
1994432843,-0.013464451,-0.16533792,-0.0068525225,0.19030762,-0.09553528,0.84485245,-0.01513073,0.0028950572,0.03951797,0.053363085,0.0,0.0,0.0,0.0,0.0,0.2636262,0.26467478,0.57141733,0.6143104,0.61478317,4.0559173,0.0025110487,0.0025122599,0.002510397,0.09014555,0.0,0.0,0.0,0.0,0.0,0.002137244,0.016957516,0.058415897,0.0,0.0,0.0,0.0,0.0,0.0
1994633815,-0.08937788,-0.1883161,0.010769315,-0.12173462,-0.18878174,0.25220108,-0.0032605268,-0.020931147,-0.00047692657,0.053363085,0.0,0.0,0.0,0.0,0.0,0.2638171,0.26452428,0.5714715,0.61609346,0.616743,4.0559673,0.002510792,0.0025119032,0.0025100184,0.09014555,0.0,0.0,0.0,0.0,0.0,0.0019602883,0.011102907,0.041195,0.0,0.0,0.0,0.0,0.0,0.0
1994838447,-0.04125738,-0.13914418,0.09977097,0.031219482,-0.12384033,-0.117816925,-0.008965392,-0.007993512,0.015793383,0.053363085,0.0,0.0,0.0,0.0,0.0,0.26351032,0.2639016,0.571442,0.6148112,0.6154801,4.056035,0.0025104708,0.0025115027,0.002509583,0.09014555,0.0,0.0,0.0,0.0,0.0,0.002315051,0.0068495525,0.025951102,0.0,0.0,0.0,0.0,0.0,0.0
1995039279,-0.12589598,-0.012688875,0.12689352,-0.019195557,-0.11003113,0.20367813,0.0003982,-0.010453887,-0.01870048,0.053363085,0.0,0.0,0.0,0.0,0.0,0.2634666,0.26359364,0.57136035,0.61470175,0.61537886,4.056114,0.0025101865,0.0025112482,0.0025092307,0.09014555,0.0,0.0,0.0,0.0,0.0,0.0014167227,0.0074206195,0.017294435,0.0,0.0,0.0,0.0,0.0,0.0
1995244036,-0.08326864,-0.10674739,0.030159935,0.06399536,-0.055755615,-0.291111,-0.009022586,-0.0022830255,-0.013297766,0.053363085,0.0,0.0,0.0,0.0,0.0,0.26331127,0.263286,0.57138056,0.61394256,0.61456764,4.055919,0.0025098508,0.0025109535,0.002508882,0.09014555,0.0,0.0,0.0,0.0,0.0,0.00041587758,0.007282568,0.02130674,0.0,0.0,0.0,0.0,0.0,0.0
1995448089,-0.026809692,-0.049964905,0.082485184,-0.117492676,-0.0965271,-0.25676346,0.0058504976,-0.003297124,-0.011512011,0.053363085,0.0,0.0,0.0,0.0,0.0,0.2634246,0.26333672,0.5713859,0.61465895,0.61521494,4.055784,0.0025095071,0.002510627,0.0025086333,0.09014555,0.0,0.0,0.0,0.0,0.0,0.0003553947,0.0070366934,0.016048715,0.0,0.0,0.0,0.0,0.0,0.0
1995652818,-0.15577126,0.010069132,0.20655204,-0.15710449,-0.083862305,0.75126266,0.003707245,-0.0016315579,-0.0028755367,0.053363085,0.0,0.0,0.0,0.0,0.0,0.26351982,0.26343474,0.57141703,0.61313087,0.6135909,4.0558662,0.002509233,0.0025103423,0.002508442,0.09014555,0.0,0.0,0.0,0.0,0.0,0.0006182562,0.01199029,0.03312426,0.0,0.0,0.0,0.0,0.0,0.0
1995853925,-0.07363033,0.039354324,-0.072954334,-0.05718994,0.0035858154,0.6080742,-0.0017002597,0.012743551,0.015987337,0.053363085,0.0,0.0,0.0,0.0,0.0,0.26356047,0.2634954,0.57141685,0.6123388,0.61262405,4.055969,0.0025090082,0.002510086,0.002508241,0.09014555,0.0,0.0,0.0,0.0,0.0,0.0006747296,0.01838749,0.05300264,0.0,0.0,0.0,0.0,0.0,0.0
1996054452,-0.07363033,0.039354324,-0.072954334,-0.05718994,0.0035858154,1.5388603,0.0037238523,0.00046534836,0.009631693,0.053363085,0.0,0.0,0.0,0.0,0.0,0.26356047,0.2634954,0.57141685,0.6123388,0.61262405,4.055811,0.0025087984,0.0025098457,0.0025080072,0.09014555,0.0,0.0,0.0,0.0,0.0,0.0005981237,0.023327114,0.07598629,0.0,0.0,0.0,0.0,0.0,0.0
1996255247,-0.03974819,-0.024136782,0.041652232,-0.10479736,0.015411377,-0.21817398,0.011227988,-0.01557098,-0.02589506,0.053363085,0.0,0.0,0.0,0.0,0.0,0.26356843,0.2635148,0.57146955,0.6123949,0.6125487,4.0561886,0.002508605,0.0025095867,0.0025077937,0.09014555,0.0,0.0,0.0,0.0,0.0,0.0012882386,0.02324015,0.056446053,0.0,0.0,0.0,0.0,0.0,0.0
1996459215,-0.03974819,-0.024136782,0.041652232,-0.10479736,0.015411377,-0.57154465,-0.003846936,0.001963541,0.0016845465,0.053363085,0.0,0.0,0.0,0.0,0.0,0.26356843,0.2635148,0.57146955,0.6123949,0.6125487,4.056557,0.0025084277,0.0025093968,0.0025075653,0.09014555,0.0,0.0,0.0,0.0,0.0,0.0006692893,0.010487686,0.023986192,0.0,0.0,0.0,0.0,0.0,0.0
1996660039,-0.15175438,-0.0663743,0.099065535,-0.12258911,0.02116394,0.52500534,0.0031979978,-0.0027952064,0.010676414,0.053363085,0.0,0.0,0.0,0.0,0.0,0.26344234,0.2634104,0.57156694,0.6124138,0.6124723,4.056321,0.0025082803,0.0025092487,0.0025074102,0.09014555,0.0,0.0,0.0,0.0,0.0,0.00065195654,0.016943162,0.04211551,0.0,0.0,0.0,0.0,0.0,0.0
1996864617,-0.10283184,0.012781143,-0.028672274,-0.09851074,0.037002563,-1.0095787,0.017523631,-0.016403634,-0.03647375,0.053363085,0.0,0.0,0.0,0.0,0.0,0.26334578,0.26331985,0.57156265,0.61229724,0.6123227,4.0564785,0.002508068,0.0025089958,0.002507217,0.09014555,0.0,0.0,0.0,0.0,0.0,0.0007427155,0.016194956,0.038807154,0.0,0.0,0.0,0.0,0.0,0.0
1997067002,0.008440971,-0.024579048,-0.029363647,-0.25616455,-0.024093628,-0.3923912,0.01607681,-0.02454187,-0.034835875,0.053363085,0.0,0.0,0.0,0.0,0.0,0.26341578,0.26339656,0.57155293,0.6130524,0.6130495,4.056754,0.0025079635,0.0025088927,0.0025070526,0.09014555,0.0,0.0,0.0,0.0,0.0,0.0012211676,0.015176508,0.03867521,0.0,0.0,0.0,0.0,0.0,0.0
1997269423,-0.11010265,-0.091263056,0.100192636,-0.29553223,-0.05026245,0.1849556,-0.0025034174,0.009254053,0.030141324,0.053363085,0.0,0.0,0.0,0.0,0.0,0.26345587,0.26343325,0.5715811,0.61469805,0.6146761,4.056662,0.0025078128,0.0025087532,0.0025069201,0.09014555,0.0,0.0,0.0,0.0,0.0,0.0012076581,0.020043895,0.047563486,0.0,0.0,0.0,0.0,0.0,0.0
1997475411,-0.082966805,0.039031982,0.102423996,-0.3000183,-0.05557251,-0.5034218,0.016955614,-0.0036859289,-0.026191443,0.053363085,0.0,0.0,0.0,0.0,0.0,0.26341417,0.26337835,0.5715855,0.61467206,0.6146392,4.0564847,0.0025076882,0.002508596,0.0025067434,0.09014555,0.0,0.0,0.0,0.0,0.0,0.001027692,0.020674266,0.051257443,0.0,0.0,0.0,0.0,0.0,0.0
1997675241,-0.071525574,-0.036791086,-0.027798057,-0.06515503,0.029815674,0.20629501,0.014139816,-0.013267897,-0.03079006,0.053363085,0.0,0.0,0.0,0.0,0.0,0.26322803,0.26318756,0.57157505,0.61357903,0.6135425,4.0564833,0.0025075234,0.0025083919,0.002506595,0.09014555,0.0,0.0,0.0,0.0,0.0,0.0005868866,0.009139851,0.024719546,0.0,0.0,0.0,0.0,0.0,0.0
1997879832,-0.05031967,-0.014546633,0.013825355,-0.2371521,-0.029464722,1.1275673,0.007265426,-0.019493163,-0.028083295,0.053363085,0.0,0.0,0.0,0.0,0.0,0.26337755,0.26333204,0.571639,0.614376,0.6143343,4.0570765,0.002507468,0.00250831,0.0025064377,0.09014555,0.0,0.0,0.0,0.0,0.0,0.0004981257,0.008479909,0.024521468,0.0,0.0,0.0,0.0,0.0,0.0
1998080846,-0.067209244,-0.0043559074,0.104733594,-0.09100342,0.036743164,-0.5519295,0.016032461,-0.021529306,-0.023781687,0.053363085,0.0,0.0,0.0,0.0,0.0,0.26325807,0.26320773,0.57157683,0.6122195,0.6121778,4.056538,0.0025073264,0.002508109,0.0025062826,0.09014555,0.0,0.0,0.0,0.0,0.0,0.0005944118,0.007076421,0.022735413,0.0,0.0,0.0,0.0,0.0,0.0
1998281637,0.00642395,-0.016587019,0.09569066,-0.26031494,-0.009811401,0.74744034,0.013762888,-0.009771153,-0.021583617,0.053363085,0.0,0.0,0.0,0.0,0.0,0.26333407,0.2632771,0.5716353,0.6129838,0.61294025,4.0570884,0.0025072568,0.002507997,0.0025061513,0.09014555,0.0,0.0,0.0,0.0,0.0,0.00043441888,0.0037791673,0.016803643,0.0,0.0,0.0,0.0,0.0,0.0
1998485425,-0.057806015,-0.041810513,0.060907274,-0.1836853,0.017791748,-0.3190422,0.0013455227,0.0021720715,0.03376171,0.053363085,0.0,0.0,0.0,0.0,0.0,0.26325086,0.26319095,0.5716001,0.6111286,0.61108595,4.05677,0.002507152,0.0025078615,0.0025060342,0.09014555,0.0,0.0,0.0,0.0,0.0,0.000288365,0.0042225695,0.0186366,0.0,0.0,0.0,0.0,0.0,0.0
1998686234,-0.061885834,-0.08725071,0.11859459,-0.2588501,-0.011810303,0.64349747,0.0077740476,-0.023874622,-0.012179792,0.053363085,0.0,0.0,0.0,0.0,0.0,0.26333916,0.26327658,0.5716316,0.6114516,0.61140776,4.0567255,0.0025070552,0.0025077409,0.0025059476,0.09014555,0.0,0.0,0.0,0.0,0.0,0.0005396271,0.0064940304,0.017988393,0.0,0.0,0.0,0.0,0.0,0.0
1998887253,0.0064888,-0.04521489,0.12937805,-0.29034424,-0.026306152,0.82985306,0.0033595264,-0.02111926,-0.010103136,0.053363085,0.0,0.0,0.0,0.0,0.0,0.26341245,0.2633481,0.571659,0.61160934,0.6115646,4.057107,0.0025069725,0.0025076454,0.002505855,0.09014555,0.0,0.0,0.0,0.0,0.0,0.00057680137,0.0070065493,0.022623718,0.0,0.0,0.0,0.0,0.0,0.0
1999088029,-0.011481285,-0.002986908,0.044609852,-0.26593018,-0.037353516,-0.6076851,-0.00062951446,0.008497871,0.03129539,0.053363085,0.0,0.0,0.0,0.0,0.0,0.263443,0.26338047,0.57166535,0.61157566,0.61153114,4.0571003,0.0025069434,0.0025075935,0.0025057604,0.09014555,0.0,0.0,0.0,0.0,0.0,0.000612996,0.005117837,0.020148426,0.0,0.0,0.0,0.0,0.0,0.0
1999288055,0.088991165,-0.058274508,0.008435263,-0.18969727,-0.03227234,0.39243698,0.0031585544,-0.012644615,-0.019430071,-0.033097267,0.0,0.0,0.0,0.0,0.0,0.26343808,0.26337674,0.57166666,0.61139417,0.6113491,4.0569844,0.0025069015,0.0025075432,0.0025057055,0.090147525,0.0,0.0,0.0,0.0,0.0,0.0006159297,0.0046134763,0.012804825,0.0,0.0,0.0,0.0,0.0,0.0
1999488936,0.083434105,-0.051703453,-0.04750858,-0.15075684,-0.040420532,0.80626297,0.0031585544,-0.012644615,-0.019430071,0.031258345,0.0,0.0,0.0,0.0,0.0,0.26348922,0.263429,0.5716777,0.6128817,0.61283493,4.0569954,0.0025069015,0.0025075432,0.0025057055,0.0901474,0.0,0.0,0.0,0.0,0.0,0.0007200563,0.008304194,0.0145237725,0.0,0.0,0.0,0.0,0.0,0.0
1999689658,-0.089323044,-0.047490597,0.16245478,-0.07461548,-0.021972656,0.8474083,0.0031585544,-0.012644615,-0.019430071,0.12814951,0.0,0.0,0.0,0.0,0.0,0.26348445,0.26342285,0.5716573,0.6140834,0.6140356,4.0564775,0.0025069015,0.0025075432,0.0025057055,0.090147294,0.0,0.0,0.0,0.0,0.0,0.00024880763,0.008783259,0.025390727,0.0,0.0,0.0,0.0,0.0,0.0
1999890462,0.039362907,-0.05082059,-0.024506606,-0.07296753,-0.016647339,0.047534943,0.0031585544,-0.012644615,-0.019430071,0.0109090805,0.0,0.0,0.0,0.0,0.0,0.26354495,0.2634817,0.5716697,0.6142049,0.61415493,4.0562763,0.0025069015,0.0025075432,0.0025057055,0.0901473,0.0,0.0,0.0,0.0,0.0,0.00045153205,0.009042506,0.022510998,0.0,0.0,0.0,0.0,0.0,0.0
2000095312,0.005501747,0.016897678,0.022680119,-0.07577515,-0.0049591064,0.39195633,0.0031585544,-0.012644615,-0.019430071,0.030523062,0.0,0.0,0.0,0.0,0.0,0.26356858,0.26350498,0.5716829,0.6143194,0.6142674,4.0566006,0.0025069015,0.0025075432,0.0025057055,0.09014733,0.0,0.0,0.0,0.0,0.0,0.00028637913,0.008909728,0.024661876,0.0,0.0,0.0,0.0,0.0,0.0
2000299030,-0.02771473,-0.047324896,0.045188047,-0.0736084,-0.007598877,0.63082504,0.0031585544,-0.012644615,-0.019430071,0.05031109,0.0,0.0,0.0,0.0,0.0,0.26354674,0.26348412,0.57168967,0.6144182,0.61436456,4.0566263,0.0025069015,0.0025075432,0.0025057055,0.09014747,0.0,0.0,0.0,0.0,0.0,0.00033933145,0.006270372,0.016068866,0.0,0.0,0.0,0.0,0.0,0.0
2000499875,0.034108162,-0.08461046,0.115332946,-0.2189331,-0.065979004,0.55755997,0.0031585544,-0.012644615,-0.019430071,-0.020705462,0.0,0.0,0.0,0.0,0.0,0.26366925,0.26361185,0.57167786,0.6152175,0.6151616,4.0566416,0.0025069015,0.0025075432,0.0025057055,0.09014754,0.0,0.0,0.0,0.0,0.0,0.00025341587,0.006008006,0.011383939,0.0,0.0,0.0,0.0,0.0,0.0
2000700962,0.008342743,-0.019317627,0.043485187,-0.02154541,-0.020828247,0.27566147,0.0031585544,-0.012644615,-0.019430071,-0.062476397,0.0,0.0,0.0,0.0,0.0,0.26351094,0.26345894,0.5716927,0.6144615,0.6144074,4.056632,0.0025069015,0.0025075432,0.0025057055,0.090147436,0.0,0.0,0.0,0.0,0.0,0.0004735823,0.006262619,0.01477798,0.0,0.0,0.0,0.0,0.0,0.0
2000901603,0.0070495605,-0.10370612,-0.02899295,0.054748535,-0.011474609,0.25844955,0.0031585544,-0.012644615,-0.019430071,-0.02329588,0.0,0.0,0.0,0.0,0.0,0.26346216,0.26341677,0.57166785,0.6141881,0.61413515,4.0563912,0.0025069015,0.0025075432,0.0025057055,0.090147555,0.0,0.0,0.0,0.0,0.0,0.00037990694,0.010903089,0.027367998,0.0,0.0,0.0,0.0,0.0,0.0
2001102457,0.0092020035,-0.011019468,0.0049521923,0.03793335,-0.0079193115,0.5084801,0.0031585544,-0.012644615,-0.019430071,-0.02913618,0.0,0.0,0.0,0.0,0.0,0.26352188,0.26348248,0.5716775,0.6143021,0.6142502,4.056442,0.0025069015,0.0025075432,0.0025057055,0.09014739,0.0,0.0,0.0,0.0,0.0,0.00043049114,0.011978184,0.033231474,0.0,0.0,0.0,0.0,0.0,0.0
2001306467,-0.007382393,-0.053128242,0.0662974,-0.025268555,-0.016540527,-0.61240005,0.0031585544,-0.012644615,-0.019430071,0.050361395,0.0,0.0,0.0,0.0,0.0,0.2636186,0.2635868,0.5717097,0.61311346,0.6130634,4.056622,0.0025069015,0.0025075432,0.0025057055,0.090147674,0.0,0.0,0.0,0.0,0.0,0.0001426546,0.009324988,0.027253134,0.0,0.0,0.0,0.0,0.0,0.0
2001507233,-0.019573212,-0.065896034,0.06595224,-0.038024902,-0.011306763,0.0814476,0.0031585544,-0.012644615,-0.019430071,-0.015332937,0.0,0.0,0.0,0.0,0.0,0.263584,0.2635653,0.5717104,0.6131343,0.6130879,4.0563626,0.0025069015,0.0025075432,0.0025057055,0.09014775,0.0,0.0,0.0,0.0,0.0,0.00024152704,0.0057295472,0.016248083,0.0,0.0,0.0,0.0,0.0,0.0
2001708040,0.020996094,-0.0658977,0.12652194,-0.05682373,-0.021408081,0.030391693,0.0031585544,-0.012644615,-0.019430071,0.07363939,0.0,0.0,0.0,0.0,0.0,0.2635314,0.2635346,0.5717144,0.6131859,0.6131443,4.0564127,0.0025069015,0.0025075432,0.0025057055,0.09014767,0.0,0.0,0.0,0.0,0.0,0.00039271623,0.006924411,0.014255133,0.0,0.0,0.0,0.0,0.0,0.0
2001909120,-0.03900814,-0.027693748,0.040220857,-0.07254028,-0.016983032,-0.43046188,0.0031585544,-0.012644615,-0.019430071,0.03240776,0.0,0.0,0.0,0.0,0.0,0.2633612,0.26342282,0.5716508,0.61320025,0.6131665,4.05624,0.0025069015,0.0025075432,0.0025057055,0.0901458,0.0,0.0,0.0,0.0,0.0,0.00070823263,0.006728544,0.020445075,0.0,0.0,0.0,0.0,0.0,0.0
2002109422,0.16006947,0.049330235,0.09836537,-0.04916382,-0.011734009,0.49467087,0.0031585544,-0.012644615,-0.019430071,-0.06693888,0.0,0.0,0.0,0.0,0.0,0.26332557,0.2635623,0.5716634,0.61172146,0.6117063,4.0563293,0.0025069015,0.0025075432,0.0025057055,0.090146765,0.0,0.0,0.0,0.0,0.0,0.00037916488,0.0135698635,0.02281456,0.0,0.0,0.0,0.0,0.0,0.0
2002313871,0.12222004,-0.17619896,0.1569016,-0.011566162,-0.0443573,0.96487045,0.052170187,-0.015748419,-0.05722797,-0.06693888,0.0,0.0,0.0,0.0,0.0,0.26339462,0.2640682,0.57166356,0.6116325,0.6116874,4.0563936,0.0025096196,0.0025128769,0.0025113856,0.090146765,0.0,0.0,0.0,0.0,0.0,0.00021514606,0.013994515,0.024476012,0.0,0.0,0.0,0.0,0.0,0.0
2002514244,0.08192873,-0.364223,-0.04750985,0.055389404,-0.07281494,-0.37739944,0.011763006,-0.0005235076,0.00590989,-0.06693888,0.0,0.0,0.0,0.0,0.0,0.26333314,0.26449156,0.5716621,0.61151105,0.6116775,4.05641,0.0025096338,0.0025125465,0.0025107074,0.090146765,0.0,0.0,0.0,0.0,0.0,0.00086919585,0.023353023,0.05154647,0.0,0.0,0.0,0.0,0.0,0.0
2002715228,0.06304979,-0.28219533,-0.107185006,0.089660645,-0.09597778,-1.4787254,0.011951372,0.008768171,0.005450994,-0.06693888,0.0,0.0,0.0,0.0,0.0,0.26325315,0.2648487,0.57176197,0.61139095,0.61172056,4.056953,0.0025097302,0.0025122561,0.002509869,0.090146765,0.0,0.0,0.0,0.0,0.0,0.0011247353,0.033514645,0.08555666,0.0,0.0,0.0,0.0,0.0,0.0
2002915806,0.051479816,-0.21314013,-0.08285475,0.12496948,-0.10346985,-0.44062424,0.022034511,0.006289568,-0.0029580295,-0.06693888,0.0,0.0,0.0,0.0,0.0,0.2632547,0.26507744,0.57178617,0.6112948,0.61181223,4.056664,0.002509782,0.002512011,0.0025092403,0.090146765,0.0,0.0,0.0,0.0,0.0,0.0010120822,0.037275765,0.10620616,0.0,0.0,0.0,0.0,0.0,0.0
2003116629,0.007727146,0.0051339865,-0.018811464,0.14041138,-0.08570862,-0.6267662,0.029429033,-0.008671001,-0.030372888,-0.06693888,0.0,0.0,0.0,0.0,0.0,0.26326853,0.26513702,0.571804,0.61122024,0.61193615,4.0572033,0.0025098415,0.0025117234,0.0025087076,0.090146765,0.0,0.0,0.0,0.0,0.0,0.00048967404,0.02288166,0.0765674,0.0,0.0,0.0,0.0,0.0,0.0
2003320905,-0.03154373,-0.075213075,0.10312402,0.19189453,-0.053268433,0.8381767,0.0013296157,0.010622598,0.0071986914,-0.06693888,0.0,0.0,0.0,0.0,0.0,0.26314875,0.26487935,0.57176644,0.60933137,0.6102136,4.056902,0.0025098599,0.002511362,0.0025083,0.090146765,0.0,0.0,0.0,0.0,0.0,0.0005195034,0.016185455,0.06116939,0.0,0.0,0.0,0.0,0.0,0.0
2003521663,-0.13425112,-0.01508069,0.14358532,0.14678955,-0.033996582,0.33787918,0.0033514556,-0.0020473525,0.028320968,-0.06693888,0.0,0.0,0.0,0.0,0.0,0.26306358,0.26448545,0.5717371,0.60925883,0.61029834,4.056874,0.0025097132,0.0025110142,0.0025080366,0.090146765,0.0,0.0,0.0,0.0,0.0,0.0007134639,0.0077350014,0.0254848,0.0,0.0,0.0,0.0,0.0,0.0
2003726209,-0.108267784,0.005552292,0.07555747,0.11303711,-0.01322937,0.5855217,-0.0057695527,-0.004714273,0.03063786,-0.06693888,0.0,0.0,0.0,0.0,0.0,0.26301378,0.26405132,0.57169384,0.60774904,0.6088939,4.0568924,0.002509498,0.0025107188,0.0025077928,0.090146765,0.0,0.0,0.0,0.0,0.0,0.0011265875,0.013167107,0.03908199,0.0,0.0,0.0,0.0,0.0,0.0
2003926963,-0.070999146,-0.086583614,0.10536516,0.0630188,-0.008132935,0.3910408,-0.023196008,0.004434362,0.029143631,-0.06693888,0.0,0.0,0.0,0.0,0.0,0.26300815,0.2636663,0.5716788,0.6078759,0.609067,4.056756,0.0025093267,0.002510533,0.0025075856,0.090146765,0.0,0.0,0.0,0.0,0.0,0.0010015906,0.012088953,0.04024852,0.0,0.0,0.0,0.0,0.0,0.0
2004128051,-0.16401243,-0.0049529076,0.06360924,0.0289917,0.010696411,0.46985245,-0.02305387,0.010818467,0.02874127,-0.06693888,0.0,0.0,0.0,0.0,0.0,0.26299554,0.26334754,0.57165205,0.6078065,0.6089848,4.056763,0.002509121,0.00251031,0.002507318,0.090146765,0.0,0.0,0.0,0.0,0.0,0.0009910032,0.0137779,0.041850936,0.0,0.0,0.0,0.0,0.0,0.0
2004327742,-0.17152023,0.08193135,0.006528735,-0.029449463,0.022888184,-0.7161827,-0.0071127936,0.011771228,0.019959569,-0.06693888,0.0,0.0,0.0,0.0,0.0,0.2630592,0.26316297,0.57165784,0.6079239,0.609035,4.0569096,0.0025089437,0.0025101127,0.0025070945,0.090146765,0.0,0.0,0.0,0.0,0.0,0.00091623946,0.016794048,0.045290764,0.0,0.0,0.0,0.0,0.0,0.0
2004528933,-0.123408794,0.027303934,0.12990963,0.0065612793,0.061035156,-0.08259964,0.000749724,-0.0009693783,0.010783941,-0.06693888,0.0,0.0,0.0,0.0,0.0,0.2630364,0.26299882,0.5716905,0.60897094,0.60995764,4.0570927,0.0025087695,0.0025099323,0.0025068957,0.090146765,0.0,0.0,0.0,0.0,0.0,0.00054989837,0.016656457,0.04441502,0.0,0.0,0.0,0.0,0.0,0.0
2004729610,-0.023641586,-0.022377253,0.07729483,-0.014160156,0.06225586,0.14934921,0.0048991954,0.005591985,-0.01071021,-0.06693888,0.0,0.0,0.0,0.0,0.0,0.26308966,0.26300123,0.5716801,0.6089858,0.60983795,4.0573015,0.0025085993,0.0025097483,0.0025067576,0.090146765,0.0,0.0,0.0,0.0,0.0,0.00024763177,0.011283367,0.030796682,0.0,0.0,0.0,0.0,0.0,0.0
2004930441,-0.04612255,0.06971979,0.04456246,0.11038208,0.13639832,0.27933884,-0.0040091807,0.0042749625,0.033683658,-0.06693888,0.0,0.0,0.0,0.0,0.0,0.26306337,0.26298642,0.5716184,0.6098155,0.61052537,4.056961,0.0025083825,0.0025095213,0.0025066184,0.090146765,0.0,0.0,0.0,0.0,0.0,0.00019820986,0.013290922,0.031402383,0.0,0.0,0.0,0.0,0.0,0.0
2005134985,0.006275177,0.0303123,0.07063031,-0.040130615,0.077682495,0.01291275,0.0048875753,0.016671058,0.00811857,-0.06693888,0.0,0.0,0.0,0.0,0.0,0.2632674,0.26322845,0.5716868,0.6105983,0.61117285,4.056951,0.0025082056,0.0025092845,0.0025064892,0.090146765,0.0,0.0,0.0,0.0,0.0,0.0002180678,0.011187316,0.02997384,0.0,0.0,0.0,0.0,0.0,0.0
2005339354,0.08399773,0.027225018,0.09233737,-0.042877197,0.091308594,-0.39042282,0.020776466,-0.0067950524,-0.017234862,-0.06693888,0.0,0.0,0.0,0.0,0.0,0.26330495,0.26330242,0.5716217,0.6121424,0.6125951,4.0568027,0.0025080421,0.0025090727,0.0025063697,0.090146765,0.0,0.0,0.0,0.0,0.0,0.00040269108,0.00969048,0.027461607,0.0,0.0,0.0,0.0,0.0,0.0
2005540136,0.0021915436,0.13957667,0.10697818,-0.012634277,0.116500854,-0.19343185,0.006910119,0.010455545,0.00925374,-0.06693888,0.0,0.0,0.0,0.0,0.0,0.2632946,0.26331693,0.5717034,0.6135249,0.6138769,4.0570083,0.0025078836,0.0025088699,0.0025062582,0.090146765,0.0,0.0,0.0,0.0,0.0,0.00035330225,0.0134484405,0.03320861,0.0,0.0,0.0,0.0,0.0,0.0
2005740811,-0.02562809,-0.008636236,0.08786404,0.1227417,0.16798401,1.0233879,-0.0039456487,0.016998164,0.026151508,-0.06693888,0.0,0.0,0.0,0.0,0.0,0.2632025,0.26323625,0.5716513,0.6129575,0.61322576,4.0567493,0.0025077502,0.0025086864,0.002506149,0.090146765,0.0,0.0,0.0,0.0,0.0,0.00047777643,0.014765281,0.045439098,0.0,0.0,0.0,0.0,0.0,0.0
2005941419,0.020059586,-0.015432119,0.042663813,-0.062194824,0.10708618,-0.14748764,-0.01406436,0.0047264174,0.01669237,-0.06693888,0.0,0.0,0.0,0.0,0.0,0.26335028,0.2633702,0.57172316,0.6138226,0.61401975,4.0569925,0.0025076193,0.0025085062,0.002506064,0.090146765,0.0,0.0,0.0,0.0,0.0,0.0005775506,0.015263482,0.051228546,0.0,0.0,0.0,0.0,0.0,0.0
2006142234,0.012415886,0.06877446,-0.10576177,-0.078826904,0.11061096,-0.07879257,0.008207701,0.005505584,0.016338348,-0.06693888,0.0,0.0,0.0,0.0,0.0,0.26337,0.26336867,0.5717313,0.6139015,0.6140459,4.056712,0.0025074743,0.0025083274,0.002505965,0.090146765,0.0,0.0,0.0,0.0,0.0,0.00044253317,0.009571767,0.034952316,0.0,0.0,0.0,0.0,0.0,0.0
2006346487,0.020730019,-0.02421403,0.038805008,-0.08404541,0.11061096,0.3492012,0.0016772449,0.0065364093,-0.00072035193,-0.06693888,0.0,0.0,0.0,0.0,0.0,0.26337504,0.26334316,0.5717368,0.6139497,0.6140529,4.0567455,0.0025073534,0.002508169,0.0025058356,0.090146765,0.0,0.0,0.0,0.0,0.0,0.0006442278,0.010212714,0.038210776,0.0,0.0,0.0,0.0,0.0,0.0
2006547209,-0.017651558,0.048009634,0.045428634,-0.22775269,0.062561035,-0.09259415,0.015106291,-0.011270035,-0.032863766,-0.06693888,0.0,0.0,0.0,0.0,0.0,0.26348948,0.26343283,0.5717304,0.61471534,0.61478555,4.0569916,0.002507266,0.002508038,0.0025057343,0.090146765,0.0,0.0,0.0,0.0,0.0,0.00040188435,0.01332061,0.043709457,0.0,0.0,0.0,0.0,0.0,0.0
2006748083,-0.032665253,-0.085710764,-0.17312384,-0.07910156,0.10096741,-0.6392174,0.015222941,-0.024382725,-0.01344192,-0.06693888,0.0,0.0,0.0,0.0,0.0,0.26339912,0.26332143,0.5717546,0.6140075,0.6140524,4.056993,0.002507187,0.0025078908,0.0025056852,0.090146765,0.0,0.0,0.0,0.0,0.0,0.00079766574,0.011600137,0.038714297,0.0,0.0,0.0,0.0,0.0,0.0
2006948961,0.034947395,-0.056443214,-0.15068614,-0.0037841797,0.11140442,-0.6480522,0.0121597275,0.009051107,-0.013154477,-0.06693888,0.0,0.0,0.0,0.0,0.0,0.26345646,0.26335624,0.5717381,0.6122698,0.61229104,4.056995,0.0025071017,0.0025077565,0.0025056219,0.090146765,0.0,0.0,0.0,0.0,0.0,0.00027416454,0.003480798,0.008137685,0.0,0.0,0.0,0.0,0.0,0.0
2007149436,0.0066127777,-0.07177901,-0.14928281,-0.07711792,0.075531006,-0.07568741,0.01744327,-0.027452081,-0.027581811,-0.06693888,0.0,0.0,0.0,0.0,0.0,0.26354945,0.26342237,0.5717805,0.612684,0.6126823,4.056994,0.0025070324,0.0025076799,0.0025054968,0.090146765,0.0,0.0,0.0,0.0,0.0,0.00021145742,0.006994544,0.017032377,0.0,0.0,0.0,0.0,0.0,0.0
2007353676,0.0382967,-0.024753332,-0.10609734,0.16375732,0.15454865,0.0012626648,0.015929751,-0.0012508109,-0.033468008,-0.06693888,0.0,0.0,0.0,0.0,0.0,0.26335645,0.2632081,0.5717756,0.61170113,0.6116833,4.0572386,0.0025069609,0.0025076128,0.0025053874,0.090146765,0.0,0.0,0.0,0.0,0.0,0.00014896649,0.005367778,0.016174348,0.0,0.0,0.0,0.0,0.0,0.0
2007554218,0.053373337,-0.03672242,-0.05251956,-0.0074157715,0.07984924,0.13334274,0.005988963,-0.00025648624,-0.026759267,-0.06693888,0.0,0.0,0.0,0.0,0.0,0.26350167,0.26333684,0.5718459,0.61108744,0.6110462,4.057192,0.0025068857,0.0025075546,0.0025052927,0.090146765,0.0,0.0,0.0,0.0,0.0,0.00013011921,0.0036950016,0.0108671775,0.0,0.0,0.0,0.0,0.0,0.0
2007755562,0.045134544,-0.038867235,-0.092244506,0.0055236816,0.07019806,-0.7531624,-0.00792779,-0.0041437373,-0.009582639,-0.06693888,0.0,0.0,0.0,0.0,0.0,0.26352015,0.26336527,0.57177794,0.611139,0.61108226,4.0569444,0.0025067779,0.0025074598,0.0025052177,0.090146765,0.0,0.0,0.0,0.0,0.0,0.00017969443,0.005467873,0.01682849,0.0,0.0,0.0,0.0,0.0,0.0
2007956254,0.13504314,-0.08094025,0.0068063736,0.020355225,0.05256653,0.6588249,0.002171889,0.0004432164,-0.00680694,-0.06693888,0.0,0.0,0.0,0.0,0.0,0.26354417,0.26340652,0.5717902,0.6111966,0.6111284,4.0569677,0.0025066996,0.0025073888,0.0025051439,0.090146765,0.0,0.0,0.0,0.0,0.0,0.00030214677,0.0074561876,0.017624287,0.0,0.0,0.0,0.0,0.0,0.0
2008159998,0.11127663,-0.044245243,-0.01952064,0.029144287,0.050567627,-0.35661697,0.021750152,0.015517972,-0.012211442,-0.06693888,0.0,0.0,0.0,0.0,0.0,0.26352552,0.2634173,0.5718004,0.609731,0.6096573,4.0570045,0.0025066596,0.0025073173,0.0025050454,0.090146765,0.0,0.0,0.0,0.0,0.0,0.0004807722,0.014659247,0.046792664,0.0,0.0,0.0,0.0,0.0,0.0
2008360829,0.053819656,-0.027487516,-0.10532522,0.02520752,0.048683167,0.33093643,0.027774744,-0.0065940917,-0.0593459,-0.06693888,0.0,0.0,0.0,0.0,0.0,0.2634811,0.26340076,0.5718109,0.6097514,0.60967803,4.057169,0.0025066107,0.0025072354,0.002504956,0.090146765,0.0,0.0,0.0,0.0,0.0,0.00029623168,0.014867813,0.048530776,0.0,0.0,0.0,0.0,0.0,0.0
2008561746,0.06655121,0.002701521,0.091656685,-0.0071105957,0.024276733,0.15223312,0.0033293962,-0.01404611,-0.026250869,0.029265165,0.0,0.0,0.0,0.0,0.0,0.26348865,0.26342285,0.5719184,0.60996354,0.6098918,4.057413,0.002506611,0.0025072333,0.0025049471,0.090151206,0.0,0.0,0.0,0.0,0.0,0.00020133331,0.0089083025,0.033258397,0.0,0.0,0.0,0.0,0.0,0.0
2008762492,0.07973957,0.041157722,-0.04606974,0.03616333,0.04421997,0.39178085,0.0033293962,-0.01404611,-0.026250869,0.08793783,0.0,0.0,0.0,0.0,0.0,0.26348576,0.26343438,0.5719101,0.6083428,0.60827434,4.0572615,0.002506611,0.0025072333,0.0025049471,0.09015079,0.0,0.0,0.0,0.0,0.0,0.00056186825,0.008101142,0.025471875,0.0,0.0,0.0,0.0,0.0,0.0
2008963307,0.11915493,-0.0054848194,0.018262386,-0.04272461,0.0132751465,0.026882172,0.0033293962,-0.01404611,-0.026250869,-0.020377636,0.0,0.0,0.0,0.0,0.0,0.26354554,0.2635055,0.5718638,0.6087255,0.6086606,4.057259,0.002506611,0.0025072333,0.0025049471,0.09015044,0.0,0.0,0.0,0.0,0.0,0.00021089666,0.007663079,0.022324566,0.0,0.0,0.0,0.0,0.0,0.0
2009163297,0.16253185,-0.08240461,0.03202498,0.057891846,0.037574768,-0.3303795,0.0033293962,-0.01404611,-0.026250869,0.043740034,0.0,0.0,0.0,0.0,0.0,0.26353067,0.26350322,0.5719116,0.60685825,0.6067997,4.057228,0.002506611,0.0025072333,0.0025049471,0.09015029,0.0,0.0,0.0,0.0,0.0,0.00033929382,0.009432485,0.020404773,0.0,0.0,0.0,0.0,0.0,0.0
2009364080,0.19255924,-0.16180849,0.05304718,0.07052612,0.025718689,-0.24709702,0.0033293962,-0.01404611,-0.026250869,-0.049980402,0.0,0.0,0.0,0.0,0.0,0.2635629,0.26354623,0.5719129,0.6068887,0.6068363,4.057256,0.002506611,0.0025072333,0.0025049471,0.09015025,0.0,0.0,0.0,0.0,0.0,0.0005289502,0.017508302,0.04958151,0.0,0.0,0.0,0.0,0.0,0.0
2009564843,0.14818573,-0.06288004,-0.011083722,0.15600586,0.038238525,0.37758255,0.0033293962,-0.01404611,-0.026250869,0.05018139,0.0,0.0,0.0,0.0,0.0,0.2635029,0.26349458,0.57188505,0.60656273,0.6065171,4.0572395,0.002506611,0.0025072333,0.0025049471,0.09015008,0.0,0.0,0.0,0.0,0.0,0.0006248213,0.013337162,0.030314412,0.0,0.0,0.0,0.0,0.0,0.0
2009765715,0.17261696,-0.09394264,-0.0030544996,0.04043579,-0.023361206,0.53889847,0.0033293962,-0.01404611,-0.026250869,-0.012652159,0.0,0.0,0.0,0.0,0.0,0.26360103,0.26359683,0.5718672,0.60716003,0.6071203,4.0571394,0.002506611,0.0025072333,0.0025049471,0.090150125,0.0,0.0,0.0,0.0,0.0,0.0006509558,0.012175529,0.028263792,0.0,0.0,0.0,0.0,0.0,0.0
2009966416,0.1790514,-0.04657197,0.11380887,0.10064697,-0.014228821,0.09370804,0.0033293962,-0.01404611,-0.026250869,0.015989065,0.0,0.0,0.0,0.0,0.0,0.2635453,0.26355028,0.5718663,0.6069784,0.6069451,4.057054,0.002506611,0.0025072333,0.0025049471,0.09014987,0.0,0.0,0.0,0.0,0.0,0.000523833,0.011580522,0.027460078,0.0,0.0,0.0,0.0,0.0,0.0
2010167293,0.122252464,-0.1037302,0.14734805,0.11212158,-0.026298523,-0.2918663,0.0033293962,-0.01404611,-0.026250869,-0.01465416,0.0,0.0,0.0,0.0,0.0,0.26350215,0.26351488,0.571871,0.6069565,0.6069295,4.056831,0.002506611,0.0025072333,0.0025049471,0.09014971,0.0,0.0,0.0,0.0,0.0,0.00043219334,0.014128977,0.03407501,0.0,0.0,0.0,0.0,0.0,0.0
2010367280,0.065709114,-0.053174257,0.051039338,0.1116333,-0.030456543,-0.20972061,0.0033293962,-0.01404611,-0.026250869,-0.1119473,0.0,0.0,0.0,0.0,0.0,0.26351258,0.26353613,0.5718793,0.6069753,0.6069553,4.0566726,0.002506611,0.0025072333,0.0025049471,0.09014942,0.0,0.0,0.0,0.0,0.0,0.00043761716,0.008176677,0.0216855,0.0,0.0,0.0,0.0,0.0,0.0
2010568073,0.16183758,-0.0800755,0.08736396,0.12185669,-0.040908813,-0.5562248,0.0033293962,-0.01404611,-0.026250869,0.090284824,0.0,0.0,0.0,0.0,0.0,0.2635027,0.2635239,0.57189053,0.6084649,0.6084514,4.056727,0.002506611,0.0025072333,0.0025049471,0.09014933,0.0,0.0,0.0,0.0,0.0,0.0004108377,0.010670956,0.028474702,0.0,0.0,0.0,0.0,0.0,0.0
2010768626,0.18707371,-0.15339541,-0.052110672,0.3708191,0.028892517,-0.677639,0.0033293962,-0.01404611,-0.026250869,0.0026340485,0.0,0.0,0.0,0.0,0.0,0.2633584,0.26338223,0.5718851,0.6074489,0.6074407,4.056812,0.002506611,0.0025072333,0.0025049471,0.09014916,0.0,0.0,0.0,0.0,0.0,0.00065183867,0.015565993,0.041166387,0.0,0.0,0.0,0.0,0.0,0.0
2010969633,0.15920734,-0.12121725,0.053071618,0.19720459,-0.052757263,0.0029716492,0.0033293962,-0.01404611,-0.026250869,0.031072855,0.0,0.0,0.0,0.0,0.0,0.26354572,0.26357487,0.5718815,0.60830086,0.6082991,4.056626,0.002506611,0.0025072333,0.0025049471,0.09014903,0.0,0.0,0.0,0.0,0.0,0.0007024429,0.013427854,0.03474347,0.0,0.0,0.0,0.0,0.0,0.0
2011170449,0.16899776,-0.0755415,-0.023632884,0.20495605,-0.06010437,-0.075359344,0.0033293962,-0.01404611,-0.026250869,0.044757128,0.0,0.0,0.0,0.0,0.0,0.26356915,0.263607,0.5718167,0.6083302,0.60833466,4.056326,0.002506611,0.0025072333,0.0025049471,0.0901488,0.0,0.0,0.0,0.0,0.0,0.000822058,0.011623472,0.029726343,0.0,0.0,0.0,0.0,0.0,0.0
2011370488,0.083660126,-0.08862615,-0.0022588968,0.24487305,-0.060707092,-0.2389946,0.0033293962,-0.01404611,-0.026250869,0.0034463406,0.0,0.0,0.0,0.0,0.0,0.26363018,0.2636799,0.5718277,0.60822606,0.60823756,4.0564623,0.002506611,0.0025072333,0.0025049471,0.09014855,0.0,0.0,0.0,0.0,0.0,0.00089629163,0.014648952,0.04637358,0.0,0.0,0.0,0.0,0.0,0.0
2011575030,0.08964825,-0.0779202,-0.06637275,0.24209595,-0.066467285,-0.091365814,0.0033293962,-0.01404611,-0.026250869,-0.071318865,0.0,0.0,0.0,0.0,0.0,0.26369485,0.26375738,0.5718441,0.6083188,0.60833836,4.056599,0.002506611,0.0025072333,0.0025049471,0.09014863,0.0,0.0,0.0,0.0,0.0,0.0006274887,0.0075588324,0.024442095,0.0,0.0,0.0,0.0,0.0,0.0
2011776079,0.13529396,-0.13461542,-0.007910252,0.25308228,-0.08504486,0.6648979,0.0033293962,-0.01404611,-0.026250869,0.008755922,0.0,0.0,0.0,0.0,0.0,0.263702,0.26377416,0.57185817,0.60840315,0.60843086,4.056717,0.002506611,0.0025072333,0.0025049471,0.09014838,0.0,0.0,0.0,0.0,0.0,0.0005771748,0.008144036,0.022689272,0.0,0.0,0.0,0.0,0.0,0.0
2011976795,0.038181305,-0.11356521,0.0275383,0.22845459,-0.09415436,-1.103054,0.0033293962,-0.01404611,-0.026250869,-0.070239544,0.0,0.0,0.0,0.0,0.0,0.26371577,0.26379406,0.57186943,0.6084793,0.6085152,4.0568304,0.002506611,0.0025072333,0.0025049471,0.09014831,0.0,0.0,0.0,0.0,0.0,0.0006625321,0.009068826,0.028573815,0.0,0.0,0.0,0.0,0.0,0.0
2012180888,0.08096886,-0.057749033,-0.10189366,0.22573853,-0.09673309,-0.97649,0.0033293962,-0.01404611,-0.026250869,-0.0016896725,0.0,0.0,0.0,0.0,0.0,0.26372617,0.26380727,0.57187784,0.6070385,0.60708207,4.0569324,0.002506611,0.0025072333,0.0025049471,0.090148285,0.0,0.0,0.0,0.0,0.0,0.00063833344,0.013048666,0.042659104,0.0,0.0,0.0,0.0,0.0,0.0
2012381613,0.04852009,-0.13391256,-0.100042105,0.2895813,-0.0843277,-0.041439056,0.0033293962,-0.01404611,-0.026250869,-0.05497265,0.0,0.0,0.0,0.0,0.0,0.26374766,0.26383027,0.57185596,0.6067382,0.6067879,4.0570054,0.002506611,0.0025072333,0.0025049471,0.090148084,0.0,0.0,0.0,0.0,0.0,0.0005443562,0.01077977,0.033024512,0.0,0.0,0.0,0.0,0.0,0.0
2012582538,0.011726379,-0.051846743,-0.14355898,0.12069702,-0.13817596,-0.57538986,0.0033293962,-0.01404611,-0.026250869,0.035164833,0.0,0.0,0.0,0.0,0.0,0.26394832,0.26403818,0.5719276,0.60608065,0.60614,4.0570736,0.002506611,0.0025072333,0.0025049471,0.09014805,0.0,0.0,0.0,0.0,0.0,0.0004518001,0.0077189705,0.022747928,0.0,0.0,0.0,0.0,0.0,0.0
2012783355,0.10882473,-0.14219546,0.081701815,0.13198853,-0.15122223,0.1998024,0.0033293962,-0.01404611,-0.026250869,0.009829044,0.0,0.0,0.0,0.0,0.0,0.2639601,0.2640548,0.5719311,0.60607463,0.6061413,4.05687,0.002506611,0.0025072333,0.0025049471,0.09014806,0.0,0.0,0.0,0.0,0.0,0.0004912391,0.008144375,0.022507539,0.0,0.0,0.0,0.0,0.0,0.0
2012984060,-0.079818726,-0.065092325,0.15031445,0.27017212,-0.09119415,0.11445236,0.0033293962,-0.01404611,-0.026250869,0.02316928,0.0,0.0,0.0,0.0,0.0,0.26387832,0.26397687,0.5718747,0.6053574,0.60542876,4.0566936,0.002506611,0.0025072333,0.0025049471,0.09014799,0.0,0.0,0.0,0.0,0.0,0.00036939455,0.010732368,0.030335257,0.0,0.0,0.0,0.0,0.0,0.0
2013187992,-0.036551476,-0.06614232,-0.010862112,0.27059937,-0.09426117,0.110118866,0.0033293962,-0.01404611,-0.026250869,0.007886887,0.0,0.0,0.0,0.0,0.0,0.26381114,0.26391032,0.5718801,0.6054007,0.60547864,4.0568595,0.002506611,0.0025072333,0.0025049471,0.09014789,0.0,0.0,0.0,0.0,0.0,0.00031466025,0.0066759135,0.015667636,0.0,0.0,0.0,0.0,0.0,0.0
2013388968,0.079621315,-0.07830238,0.054732442,0.18096924,-0.12854004,-0.46924973,0.0033293962,-0.01404611,-0.026250869,-0.057780266,0.0,0.0,0.0,0.0,0.0,0.2638616,0.26395425,0.57184064,0.6058283,0.60591316,4.0566883,0.002506611,0.0025072333,0.0025049471,0.09014778,0.0,0.0,0.0,0.0,0.0,0.0004280212,0.0037286105,0.00863098,0.0,0.0,0.0,0.0,0.0,0.0
2013589664,0.044742584,-0.046937704,0.15219831,0.18762207,-0.13641357,-0.013950348,0.0033293962,-0.01404611,-0.026250869,0.03463769,0.0,0.0,0.0,0.0,0.0,0.26385137,0.26393405,0.57184744,0.60732436,0.6074126,4.0567822,0.002506611,0.0025072333,0.0025049471,0.09014761,0.0,0.0,0.0,0.0,0.0,0.00042122693,0.0034109864,0.010632094,0.0,0.0,0.0,0.0,0.0,0.0
2013794448,0.055621147,-0.080979824,0.12143576,0.25146484,-0.11306763,0.4599266,0.0033293962,-0.01404611,-0.026250869,-0.038532257,0.0,0.0,0.0,0.0,0.0,0.26376933,0.2638418,0.5718218,0.60699517,0.6070833,4.0568943,0.002506611,0.0025072333,0.0025049471,0.09014727,0.0,0.0,0.0,0.0,0.0,0.00048305333,0.006412336,0.018327046,0.0,0.0,0.0,0.0,0.0,0.0
2013995242,0.004357338,-0.16889763,-0.055636883,0.18292236,-0.1415863,0.46632004,0.0033293962,-0.01404611,-0.026250869,-0.081634045,0.0,0.0,0.0,0.0,0.0,0.26379183,0.26385364,0.5718493,0.6072395,0.6073282,4.056841,0.002506611,0.0025072333,0.0025049471,0.090147346,0.0,0.0,0.0,0.0,0.0,0.00047156852,0.00897179,0.027932556,0.0,0.0,0.0,0.0,0.0,0.0
2014195294,0.08919811,-0.34908795,0.0055236816,0.17562866,-0.16999054,0.029712677,0.0033293962,-0.01404611,-0.026250869,-0.004318714,0.0,0.0,0.0,0.0,0.0,0.26372814,0.26378506,0.5718468,0.6072333,0.6073212,4.0566654,0.002506611,0.0025072333,0.0025049471,0.090147264,0.0,0.0,0.0,0.0,0.0,0.0007869648,0.01291055,0.0312209,0.0,0.0,0.0,0.0,0.0,0.0
2014400006,0.04250717,-0.04294467,-0.04067123,0.16339111,-0.15751648,1.0925941,0.0033293962,-0.01404611,-0.026250869,-0.05478096,0.0,0.0,0.0,0.0,0.0,0.2636852,0.26372597,0.5718466,0.60578513,0.6058708,4.056943,0.002506611,0.0025072333,0.0025049471,0.090147056,0.0,0.0,0.0,0.0,0.0,0.0005255219,0.014902165,0.05239815,0.0,0.0,0.0,0.0,0.0,0.0
2014600870,0.031931877,-0.09403825,-0.06025338,0.17788696,-0.13990784,-0.13034439,0.0033293962,-0.01404611,-0.026250869,0.010206461,0.0,0.0,0.0,0.0,0.0,0.26372066,0.2637466,0.5718422,0.60561496,0.60569596,4.056734,0.002506611,0.0025072333,0.0025049471,0.090146795,0.0,0.0,0.0,0.0,0.0,0.00053846295,0.008728501,0.033685092,0.0,0.0,0.0,0.0,0.0,0.0
2014805711,-0.022219658,-0.103233576,-0.109727025,0.14794922,-0.13567352,0.7038307,0.0033293962,-0.01404611,-0.026250869,-0.009401321,0.0,0.0,0.0,0.0,0.0,0.26376176,0.2637807,0.5718489,0.6041779,0.6042533,4.056569,0.002506611,0.0025072333,0.0025049471,0.09014676,0.0,0.0,0.0,0.0,0.0,0.0004330161,0.006968805,0.023964949,0.0,0.0,0.0,0.0,0.0,0.0
2015006454,0.0066184998,-0.017727137,-0.185148,0.13293457,-0.12947845,-0.28292465,0.0033293962,-0.01404611,-0.026250869,0.052425146,0.0,0.0,0.0,0.0,0.0,0.26379636,0.26381075,0.57185656,0.6041626,0.6042323,4.0566807,0.002506611,0.0025072333,0.0025049471,0.09014658,0.0,0.0,0.0,0.0,0.0,0.000270999,0.007751796,0.026315736,0.0,0.0,0.0,0.0,0.0,0.0
2015206513,0.019792557,0.058049917,-0.016232848,0.115997314,-0.10372925,-0.52946854,0.0033293962,-0.01404611,-0.026250869,0.0020747185,0.0,0.0,0.0,0.0,0.0,0.26388314,0.26389465,0.57178926,0.60419273,0.60425764,4.056565,0.002506611,0.0025072333,0.0025049471,0.090146594,0.0,0.0,0.0,0.0,0.0,0.00018038896,0.016568253,0.051447265,0.0,0.0,0.0,0.0,0.0,0.0
2015411024,0.0150203705,0.051789284,0.17494696,0.25576782,-0.027313232,-0.3110237,0.0033293962,-0.01404611,-0.026250869,-0.0021061897,0.0,0.0,0.0,0.0,0.0,0.26369074,0.26371056,0.57181215,0.60350573,0.6035662,4.056427,0.002506611,0.0025072333,0.0025049471,0.09014677,0.0,0.0,0.0,0.0,0.0,0.0002044855,0.025425125,0.07925506,0.0,0.0,0.0,0.0,0.0,0.0
2015612032,-0.03117752,-0.04685974,-0.073816895,0.07312012,-0.08792877,-0.4619255,0.0033293962,-0.01404611,-0.026250869,-0.0003466606,0.0,0.0,0.0,0.0,0.0,0.2637601,0.26377973,0.57180405,0.6028445,0.6029046,4.0565233,0.002506611,0.0025072333,0.0025049471,0.09014715,0.0,0.0,0.0,0.0,0.0,0.00011456429,0.013977002,0.041245215,0.0,0.0,0.0,0.0,0.0,0.0
2015812806,-0.09231281,-0.06457853,0.009992123,0.051452637,-0.091156006,-0.11168289,0.0033293962,-0.01404611,-0.026250869,-0.022264957,0.0,0.0,0.0,0.0,0.0,0.2637459,0.26374733,0.5718087,0.6028236,0.60287935,4.056636,0.002506611,0.0025072333,0.0025049471,0.09014727,0.0,0.0,0.0,0.0,0.0,0.00034847716,0.01205233,0.028794732,0.0,0.0,0.0,0.0,0.0,0.0
2016013891,-0.056446075,0.14738941,0.006509304,0.120025635,-0.0450058,0.018184662,0.0033293962,-0.01404611,-0.026250869,0.017627478,0.0,0.0,0.0,0.0,0.0,0.26368752,0.2636652,0.5717835,0.60097617,0.6010241,4.0565243,0.002506611,0.0025072333,0.0025049471,0.090147056,0.0,0.0,0.0,0.0,0.0,0.00011165829,0.014044137,0.032775853,0.0,0.0,0.0,0.0,0.0,0.0
2016214445,-0.055041313,-0.05747366,-0.008827686,0.09716797,-0.038757324,0.3521843,0.0033293962,-0.01404611,-0.026250869,-0.011209965,0.0,0.0,0.0,0.0,0.0,0.26369014,0.26364824,0.5717925,0.60094833,0.6009861,4.056388,0.002506611,0.0025072333,0.0025049471,0.09014686,0.0,0.0,0.0,0.0,0.0,6.9504706e-05,0.010791817,0.027763387,0.0,0.0,0.0,0.0,0.0,0.0
2016418486,-0.04155922,0.05885029,-0.052734494,0.07696533,-0.030143738,-0.2938881,0.0033293962,-0.01404611,-0.026250869,-0.003147602,0.0,0.0,0.0,0.0,0.0,0.2636928,0.26364154,0.57180697,0.60096174,0.6009885,4.056519,0.002506611,0.0025072333,0.0025049471,0.09014659,0.0,0.0,0.0,0.0,0.0,0.00012644181,0.015470307,0.04594482,0.0,0.0,0.0,0.0,0.0,0.0
2016619222,-0.059308052,0.08157873,0.012838364,-0.0059509277,-0.03831482,-0.8695946,0.0033293962,-0.01404611,-0.026250869,0.012544632,0.0,0.0,0.0,0.0,0.0,0.26382095,0.26377046,0.57177514,0.60133815,0.601354,4.0563536,0.002506611,0.0025072333,0.0025049471,0.09014641,0.0,0.0,0.0,0.0,0.0,0.00010219843,0.02062628,0.06317511,0.0,0.0,0.0,0.0,0.0,0.0
2016820010,-0.15877628,0.013649464,-0.13665473,-0.026519775,-0.016937256,-0.76865005,0.0033293962,-0.01404611,-0.026250869,0.02734685,0.0,0.0,0.0,0.0,0.0,0.2638864,0.26384053,0.5717914,0.59985995,0.59986687,4.056533,0.002506611,0.0025072333,0.0025049471,0.09014646,0.0,0.0,0.0,0.0,0.0,0.00025600448,0.018528132,0.05275963,0.0,0.0,0.0,0.0,0.0,0.0
2017024866,-0.08937073,-0.0013754368,-0.057126164,0.05441284,0.014457703,-0.68512344,0.0033293962,-0.01404611,-0.026250869,0.048094988,0.0,0.0,0.0,0.0,0.0,0.26382652,0.26378474,0.57177395,0.5994382,0.59943855,4.0565395,0.002506611,0.0025072333,0.0025049471,0.09014657,0.0,0.0,0.0,0.0,0.0,0.00019024684,0.023892572,0.077948,0.0,0.0,0.0,0.0,0.0,0.0
2017225720,-0.1625948,0.03185463,-0.02233255,0.07229614,0.032295227,0.064907074,0.0033293962,-0.01404611,-0.026250869,0.0024359226,0.0,0.0,0.0,0.0,0.0,0.26379728,0.26375854,0.5717806,0.5992851,0.5992805,4.056545,0.002506611,0.0025072333,0.0025049471,0.09014667,0.0,0.0,0.0,0.0,0.0,0.0002592793,0.015834104,0.046641104,0.0,0.0,0.0,0.0,0.0,0.0
2017425618,-0.032209396,0.07809639,-0.14589071,0.018432617,0.018936157,0.26097488,0.0033293962,-0.01404611,-0.026250869,0.039653778,0.0,0.0,0.0,0.0,0.0,0.26384005,0.2638035,0.57181615,0.59950614,0.59949744,4.0566797,0.002506611,0.0025072333,0.0025049471,0.09014658,0.0,0.0,0.0,0.0,0.0,0.0001522371,0.01230014,0.033868898,0.0,0.0,0.0,0.0,0.0,0.0
2017626232,-0.090213776,0.054457664,0.013696551,0.017486572,0.012634277,-0.0128593445,0.0033293962,-0.01404611,-0.026250869,-0.01654768,0.0,0.0,0.0,0.0,0.0,0.26383704,0.2638017,0.57182586,0.59953046,0.5995188,4.0565033,0.002506611,0.0025072333,0.0025049471,0.09014661,0.0,0.0,0.0,0.0,0.0,0.00019358082,0.010806471,0.02906827,0.0,0.0,0.0,0.0,0.0,0.0
2017827250,-0.02859974,0.048593283,0.079056144,0.09466553,0.04309082,0.1994133,0.0033293962,-0.01404611,-0.026250869,-0.036503315,0.0,0.0,0.0,0.0,0.0,0.2637793,0.26374367,0.57180506,0.599189,0.5991752,4.0566444,0.002506611,0.0025072333,0.0025049471,0.090146564,0.0,0.0,0.0,0.0,0.0,0.00043954013,0.008959232,0.023285305,0.0,0.0,0.0,0.0,0.0,0.0
2018027989,-0.07583332,0.024458408,0.038992047,0.07614136,0.03314972,0.13212967,0.0033293962,-0.01404611,-0.026250869,0.043670893,0.0,0.0,0.0,0.0,0.0,0.26380092,0.26376376,0.5718151,0.5992161,0.5991998,4.0565443,0.002506611,0.0025072333,0.0025049471,0.09014652,0.0,0.0,0.0,0.0,0.0,0.00040417816,0.007192844,0.017120935,0.0,0.0,0.0,0.0,0.0,0.0
2018228869,-0.117367744,0.07151365,0.032137156,-0.018371582,-0.003036499,-0.09876633,0.0033293962,-0.01404611,-0.026250869,0.004057169,0.0,0.0,0.0,0.0,0.0,0.2638809,0.2638428,0.5717821,0.59963834,0.5996189,4.056413,0.002506611,0.0025072333,0.0025049471,0.09014652,0.0,0.0,0.0,0.0,0.0,0.00022550407,0.0105347335,0.026724176,0.0,0.0,0.0,0.0,0.0,0.0
2018432613,-0.11191368,0.061434507,0.07891655,0.04586792,0.022346497,-0.9632225,0.0033293962,-0.01404611,-0.026250869,0.043378353,0.0,0.0,0.0,0.0,0.0,0.2637858,0.2637488,0.5717659,0.597828,0.5978064,4.0564117,0.002506611,0.0025072333,0.0025049471,0.09014654,0.0,0.0,0.0,0.0,0.0,0.00021696824,0.008204908,0.018327294,0.0,0.0,0.0,0.0,0.0,0.0
2018633613,-0.061184883,0.03303671,0.072092295,-0.08792114,-0.03702545,-0.9985771,0.0033293962,-0.01404611,-0.026250869,0.0070436,0.0,0.0,0.0,0.0,0.0,0.2638945,0.26385823,0.57183504,0.5983997,0.59837496,4.0565524,0.002506611,0.0025072333,0.0025049471,0.090146534,0.0,0.0,0.0,0.0,0.0,0.00020557201,0.0076554725,0.019367348,0.0,0.0,0.0,0.0,0.0,0.0
2018834397,-0.027186394,0.09320736,-0.09078705,0.06576538,0.028060913,0.16138077,0.0033293962,-0.01404611,-0.026250869,-0.011741877,0.0,0.0,0.0,0.0,0.0,0.26374158,0.2637066,0.5717859,0.5961868,0.5961613,4.0566654,0.002506611,0.0025072333,0.0025049471,0.09014653,0.0,0.0,0.0,0.0,0.0,0.00021231102,0.007603553,0.022233821,0.0,0.0,0.0,0.0,0.0,0.0
2019035268,-0.05232048,0.047880888,-0.10982537,-0.017700195,-0.010292053,-0.34501266,0.0033293962,-0.01404611,-0.026250869,-0.01951766,0.0,0.0,0.0,0.0,0.0,0.2637833,0.26374763,0.57182854,0.5951116,0.5950841,4.056564,0.002506611,0.0025072333,0.0025049471,0.090146676,0.0,0.0,0.0,0.0,0.0,0.00022129518,0.005364108,0.01522204,0.0,0.0,0.0,0.0,0.0,0.0
2019235815,-0.11062813,0.10897827,0.110566735,-0.015838623,-0.006149292,-0.66534805,0.0033293962,-0.01404611,-0.026250869,-0.0070044994,0.0,0.0,0.0,0.0,0.0,0.2637821,0.26374653,0.57183963,0.5950427,0.5950141,4.0566893,0.002506611,0.0025072333,0.0025049471,0.09014673,0.0,0.0,0.0,0.0,0.0,0.00027120335,0.008718855,0.024671378,0.0,0.0,0.0,0.0,0.0,0.0
2019436920,0.03434086,0.055890083,0.07124674,-0.0040283203,-0.0064086914,0.19654465,0.0033293962,-0.01404611,-0.026250869,-0.01822853,0.0,0.0,0.0,0.0,0.0,0.26379728,0.2637614,0.57185054,0.5935677,0.5935382,4.056799,0.002506611,0.0025072333,0.0025049471,0.09014679,0.0,0.0,0.0,0.0,0.0,0.0001596536,0.007680749,0.026548764,0.0,0.0,0.0,0.0,0.0,0.0
2019636823,0.08273697,0.095804214,0.09857285,0.07019043,0.015594482,0.32255173,0.0033293962,-0.01404611,-0.026250869,-0.011696339,0.0,0.0,0.0,0.0,0.0,0.26369667,0.26365972,0.571827,0.59317756,0.59314764,4.056782,0.002506611,0.0025072333,0.0025049471,0.090146884,0.0,0.0,0.0,0.0,0.0,0.00023137522,0.00687743,0.02084141,0.0,0.0,0.0,0.0,0.0,0.0
2019841661,-0.026599884,0.08308411,0.071899295,0.014526367,-0.001914978,0.10795212,0.0033293962,-0.01404611,-0.026250869,-0.017595768,0.0,0.0,0.0,0.0,0.0,0.2636983,0.2636582,0.57178354,0.5919066,0.59187543,4.056598,0.002506611,0.0025072333,0.0025049471,0.090146884,0.0,0.0,0.0,0.0,0.0,0.00013297629,0.0037625558,0.011243049,0.0,0.0,0.0,0.0,0.0,0.0
2020042198,-0.005414963,0.06251955,0.036323905,0.026367188,-0.00566864,0.37450027,0.0033293962,-0.01404611,-0.026250869,0.013110638,0.0,0.0,0.0,0.0,0.0,0.26373434,0.2636898,0.57179296,0.5918415,0.5918091,4.0567284,0.002506611,0.0025072333,0.0025049471,0.09014682,0.0,0.0,0.0,0.0,0.0,0.0001683642,0.0077854977,0.022475509,0.0,0.0,0.0,0.0,0.0,0.0
2020242935,-0.0034770966,0.08940697,0.075122714,0.011169434,-0.015029907,-0.061473846,0.0033293962,-0.01404611,-0.026250869,0.026719809,0.0,0.0,0.0,0.0,0.0,0.26376876,0.26371852,0.57180345,0.5903722,0.59033823,4.0568438,0.002506611,0.0025072333,0.0025049471,0.09014672,0.0,0.0,0.0,0.0,0.0,0.00014749545,0.011899297,0.037817392,0.0,0.0,0.0,0.0,0.0,0.0
2020447246,-0.0076913834,0.11182022,0.020165801,-0.009338379,-0.020019531,0.6229286,0.0033293962,-0.01404611,-0.026250869,0.019147635,0.0,0.0,0.0,0.0,0.0,0.26379505,0.26373726,0.5718111,0.5903478,0.5903118,4.0568514,0.002506611,0.0025072333,0.0025049471,0.09014665,0.0,0.0,0.0,0.0,0.0,0.00033712276,0.00626403,0.022295572,0.0,0.0,0.0,0.0,0.0,0.0
2020648035,-0.014015198,0.1122489,0.114279985,0.02331543,-0.012649536,0.7001686,0.0033293962,-0.01404611,-0.026250869,-0.0014173985,0.0,0.0,0.0,0.0,0.0,0.26375315,0.26369023,0.5718113,0.59015137,0.5901134,4.0569654,0.002506611,0.0025072333,0.0025049471,0.09014667,0.0,0.0,0.0,0.0,0.0,0.00055155496,0.0050835735,0.016625587,0.0,0.0,0.0,0.0,0.0,0.0
2020848922,-0.20321369,0.046096325,0.08883679,-0.008331299,-0.017242432,0.15191269,0.0033293962,-0.01404611,-0.026250869,-0.052684546,0.0,0.0,0.0,0.0,0.0,0.26374033,0.26368147,0.57181793,0.59015393,0.5901138,4.057028,0.002506611,0.0025072333,0.0025049471,0.09014667,0.0,0.0,0.0,0.0,0.0,0.0005953404,0.00817941,0.027516806,0.0,0.0,0.0,0.0,0.0,0.0
2021049612,-0.08568382,0.058050156,-0.013930917,-0.0927887,-0.05404663,-0.21777725,0.0033293962,-0.01404611,-0.026250869,-0.009180069,0.0,0.0,0.0,0.0,0.0,0.26376843,0.26371118,0.5718492,0.59051025,0.59046745,4.0570683,0.002506611,0.0025072333,0.0025049471,0.09014673,0.0,0.0,0.0,0.0,0.0,0.00028924985,0.006634253,0.019762283,0.0,0.0,0.0,0.0,0.0,0.0
2021250477,-0.08972359,0.13983703,-0.020406961,-0.09089661,-0.040855408,-0.3430748,0.0033293962,-0.01404611,-0.026250869,0.04157996,0.0,0.0,0.0,0.0,0.0,0.26371098,0.2636532,0.57184535,0.5889745,0.5889301,4.0571575,0.002506611,0.0025072333,0.0025049471,0.090146676,0.0,0.0,0.0,0.0,0.0,0.00031006013,0.005817567,0.015852747,0.0,0.0,0.0,0.0,0.0,0.0
2021450408,-0.18852139,0.027569056,0.06027925,-0.022201538,-0.022323608,0.22606277,0.0033293962,-0.01404611,-0.026250869,0.034849644,0.0,0.0,0.0,0.0,0.0,0.26368347,0.26362613,0.57181096,0.588567,0.5885217,4.05695,0.002506611,0.0025072333,0.0025049471,0.0901466,0.0,0.0,0.0,0.0,0.0,0.00032794758,0.0067768316,0.017190076,0.0,0.0,0.0,0.0,0.0,0.0
2021654998,-0.11464405,0.12306094,-0.018056393,-0.045440674,-0.012451172,-0.649662,0.0033293962,-0.01404611,-0.026250869,0.0328207,0.0,0.0,0.0,0.0,0.0,0.26378584,0.26372686,0.57181346,0.58857226,0.58852524,4.0567365,0.002506611,0.0025072333,0.0025049471,0.09014663,0.0,0.0,0.0,0.0,0.0,0.00030225952,0.0056109442,0.015236328,0.0,0.0,0.0,0.0,0.0,0.0
2021855834,-0.07450104,0.11913133,0.08681679,-0.05014038,-0.008880615,0.55387497,0.0033293962,-0.01404611,-0.026250869,0.06640768,0.0,0.0,0.0,0.0,0.0,0.26377413,0.2637138,0.5717436,0.5871346,0.5870861,4.0568514,0.002506611,0.0025072333,0.0025049471,0.09014654,0.0,0.0,0.0,0.0,0.0,0.00022988161,0.0068515725,0.023735862,0.0,0.0,0.0,0.0,0.0,0.0
2022056906,-0.02783966,0.13327837,0.05948627,-0.060165405,-0.007423401,0.4466591,0.0033293962,-0.01404611,-0.026250869,-0.054069757,0.0,0.0,0.0,0.0,0.0,0.26378497,0.26372734,0.5717522,0.5871297,0.5870801,4.056714,0.002506611,0.0025072333,0.0025049471,0.09014663,0.0,0.0,0.0,0.0,0.0,0.0005098225,0.010509662,0.03230016,0.0,0.0,0.0,0.0,0.0,0.0
2022257664,-0.0073833466,0.21285462,0.012350798,-0.05734253,0.0078048706,-0.75831985,0.0033293962,-0.01404611,-0.026250869,0.0010209084,0.0,0.0,0.0,0.0,0.0,0.2637677,0.2637115,0.5717567,0.5870889,0.58703876,4.056832,0.002506611,0.0025072333,0.0025049471,0.090146944,0.0,0.0,0.0,0.0,0.0,0.00049263856,0.0041188425,0.008616164,0.0,0.0,0.0,0.0,0.0,0.0
2022458450,-0.018136024,0.1758089,-0.014484167,0.018951416,0.042564392,-0.06586075,0.0033293962,-0.01404611,-0.026250869,-0.04222083,0.0,0.0,0.0,0.0,0.0,0.26368254,0.2636293,0.5717348,0.58528936,0.5852399,4.0566597,0.002506611,0.0025072333,0.0025049471,0.09014694,0.0,0.0,0.0,0.0,0.0,0.00037073507,0.009789577,0.029685402,0.0,0.0,0.0,0.0,0.0,0.0
2022662444,-0.09975624,0.1276257,0.09426832,-0.02911377,0.036247253,0.7326546,0.0033293962,-0.01404611,-0.026250869,-0.11994958,0.0,0.0,0.0,0.0,0.0,0.26363096,0.26358536,0.57175493,0.5853229,0.585274,4.056771,0.002506611,0.0025072333,0.0025049471,0.09014678,0.0,0.0,0.0,0.0,0.0,0.0007920125,0.011429764,0.024167446,0.0,0.0,0.0,0.0,0.0,0.0
2022863389,-0.113186836,0.13309526,0.03558755,-0.037628174,0.040863037,-0.79527664,0.0033293962,-0.01404611,-0.026250869,-0.030426979,0.0,0.0,0.0,0.0,0.0,0.2636568,0.26361778,0.57176596,0.58386433,0.5838163,4.0568323,0.002506611,0.0025072333,0.0025049471,0.09014675,0.0,0.0,0.0,0.0,0.0,0.00084483094,0.01501026,0.039830286,0.0,0.0,0.0,0.0,0.0,0.0
2023866553,-0.095272064,0.14256787,0.06841004,0.04649353,0.10932922,-0.019611359,0.0033293962,-0.01404611,-0.026250869,-0.08024883,0.0,0.0,0.0,0.0,0.0,0.2635871,0.2635477,0.5717707,0.5802641,0.5802202,4.0564766,0.002506611,0.0025072333,0.0025049471,0.0901465,0.0,0.0,0.0,0.0,0.0,0.0011375902,0.013857488,0.032496326,0.0,0.0,0.0,0.0,0.0,0.0
2024071320,-0.01723957,0.14179492,-0.0076937675,-0.12005615,0.049430847,-0.78087234,0.0033293962,-0.01404611,-0.026250869,0.019500017,0.0,0.0,0.0,0.0,0.0,0.2636992,0.26366097,0.57183915,0.5810332,0.58098924,4.0568204,0.002506611,0.0025072333,0.0025049471,0.09014648,0.0,0.0,0.0,0.0,0.0,0.00060166186,0.010139316,0.022865398,0.0,0.0,0.0,0.0,0.0,0.0
2024272024,-0.06850338,0.16798115,0.110165715,-0.09037781,0.060760498,-0.46059036,0.0033293962,-0.01404611,-0.026250869,0.045793295,0.0,0.0,0.0,0.0,0.0,0.26365173,0.2636159,0.57184017,0.58083075,0.5807886,4.056745,0.002506611,0.0025072333,0.0025049471,0.09014648,0.0,0.0,0.0,0.0,0.0,0.0005767463,0.010847422,0.025671773,0.0,0.0,0.0,0.0,0.0,0.0
2024472824,-0.06850338,0.16798115,0.110165715,-0.09037781,0.060760498,-0.39521408,0.0033293962,-0.01404611,-0.026250869,0.00029945374,0.0,0.0,0.0,0.0,0.0,0.26365173,0.2636159,0.57184017,0.58083075,0.5807886,4.0570807,0.002506611,0.0025072333,0.0025049471,0.09014659,0.0,0.0,0.0,0.0,0.0,0.00033973227,0.0030721596,0.0054968135,0.0,0.0,0.0,0.0,0.0,0.0
2024672943,-0.16539288,0.12988853,0.062253833,-0.08329773,0.06776428,0.20537186,0.0033293962,-0.01404611,-0.026250869,0.036045074,0.0,0.0,0.0,0.0,0.0,0.26367402,0.2636386,0.57185775,0.5793098,0.5792701,4.057171,0.002506611,0.0025072333,0.0025049471,0.090146616,0.0,0.0,0.0,0.0,0.0,0.0008217342,0.016814329,0.036902007,0.0,0.0,0.0,0.0,0.0,0.0
2024873659,-0.15843582,0.13911939,0.02961731,-0.0851593,0.06817627,0.19115067,0.0033293962,-0.01404611,-0.026250869,-0.030717134,0.0,0.0,0.0,0.0,0.0,0.26364353,0.26360887,0.57186455,0.5792704,0.5792317,4.05721,0.002506611,0.0025072333,0.0025049471,0.090146564,0.0,0.0,0.0,0.0,0.0,0.0007770751,0.016117185,0.03307776,0.0,0.0,0.0,0.0,0.0,0.0
2025074564,-0.07282257,0.17756867,0.05511129,-0.15765381,0.046669006,-0.33725357,0.0033293962,-0.01404611,-0.026250869,-0.081142664,0.0,0.0,0.0,0.0,0.0,0.26369986,0.26366454,0.57182777,0.5796202,0.57958156,4.057003,0.002506611,0.0025072333,0.0025049471,0.09014656,0.0,0.0,0.0,0.0,0.0,0.0007180017,0.014581791,0.03235409,0.0,0.0,0.0,0.0,0.0,0.0
2025279308,-0.048836708,0.12335181,0.052252173,0.16923523,0.16358185,0.3332634,0.0033293962,-0.01404611,-0.026250869,-0.007022381,0.0,0.0,0.0,0.0,0.0,0.26346543,0.26342824,0.57179147,0.57818365,0.5781474,4.0565486,0.002506611,0.0025072333,0.0025049471,0.09014649,0.0,0.0,0.0,0.0,0.0,0.0005826562,0.009533918,0.023508752,0.0,0.0,0.0,0.0,0.0,0.0
2025479994,-0.09580231,0.21613789,0.12179232,-0.08770752,0.07935333,0.18005753,0.0033293962,-0.01404611,-0.026250869,0.025250912,0.0,0.0,0.0,0.0,0.0,0.2637082,0.26366574,0.57188964,0.5793664,0.57932794,4.057445,0.002506611,0.0025072333,0.0025049471,0.090146385,0.0,0.0,0.0,0.0,0.0,0.0006260249,0.011301472,0.024253534,0.0,0.0,0.0,0.0,0.0,0.0
2025679830,-0.13381386,0.13901925,0.03776908,-0.047592163,0.091407776,0.6586876,0.0033293962,-0.01404611,-0.026250869,0.011558771,0.0,0.0,0.0,0.0,0.0,0.26369193,0.26364994,0.57188654,0.5791908,0.57915246,4.0573525,0.002506611,0.0025072333,0.0025049471,0.09014646,0.0,0.0,0.0,0.0,0.0,0.00069070054,0.009885871,0.020839434,0.0,0.0,0.0,0.0,0.0,0.0
2025880837,0.03427601,0.053105354,-0.015594959,-0.03565979,0.09044647,-0.04026413,0.0033293962,-0.01404611,-0.026250869,-0.003782034,0.0,0.0,0.0,0.0,0.0,0.26368493,0.2636419,0.5718128,0.5791756,0.5791369,4.0565968,0.002506611,0.0025072333,0.0025049471,0.09014662,0.0,0.0,0.0,0.0,0.0,0.00052254857,0.006912712,0.02044901,0.0,0.0,0.0,0.0,0.0,0.0
2026081685,-0.09011555,0.15197635,0.060994506,-0.009552002,0.096782684,-0.593174,0.0033293962,-0.01404611,-0.026250869,-0.00034570694,0.0,0.0,0.0,0.0,0.0,0.26361114,0.26356983,0.57181406,0.57901955,0.578981,4.056536,0.002506611,0.0025072333,0.0025049471,0.090146594,0.0,0.0,0.0,0.0,0.0,0.0005981758,0.009434229,0.027415954,0.0,0.0,0.0,0.0,0.0,0.0
2026282443,0.01183033,0.14699435,0.05194497,-0.0821991,0.07008362,0.088962555,0.0033293962,-0.01404611,-0.026250869,-0.034807682,0.0,0.0,0.0,0.0,0.0,0.26366293,0.26362106,0.57185215,0.57940817,0.57936865,4.056628,0.002506611,0.0025072333,0.0025049471,0.090146594,0.0,0.0,0.0,0.0,0.0,0.00054256356,0.011225809,0.032901686,0.0,0.0,0.0,0.0,0.0,0.0
2026483527,-0.14823532,0.16498566,0.035397053,0.0041656494,0.10306549,-0.18226242,0.0033293962,-0.01404611,-0.026250869,-0.018849611,0.0,0.0,0.0,0.0,0.0,0.26359496,0.26355547,0.5718263,0.579045,0.579006,4.0567117,0.002506611,0.0025072333,0.0025049471,0.09014651,0.0,0.0,0.0,0.0,0.0,0.0005780986,0.008806885,0.018930558,0.0,0.0,0.0,0.0,0.0,0.0
2026683340,-0.0851841,0.1500535,0.01813817,0.004776001,0.10398483,0.09206009,0.0033293962,-0.01404611,-0.026250869,0.034246206,0.0,0.0,0.0,0.0,0.0,0.26362982,0.26359117,0.57183325,0.5805196,0.5804807,4.056786,0.002506611,0.0025072333,0.0025049471,0.090146475,0.0,0.0,0.0,0.0,0.0,0.00064089906,0.010764424,0.030737476,0.0,0.0,0.0,0.0,0.0,0.0
2026887998,0.022752762,0.1700418,0.084196925,0.014984131,0.097034454,0.5730171,0.0033293962,-0.01404611,-0.026250869,0.012871742,0.0,0.0,0.0,0.0,0.0,0.26357,0.26353174,0.5718333,0.5805276,0.5804887,4.056854,0.002506611,0.0025072333,0.0025049471,0.09014662,0.0,0.0,0.0,0.0,0.0,0.0005703469,0.010150703,0.022943584,0.0,0.0,0.0,0.0,0.0,0.0
2027089008,-0.079193115,0.051323414,-0.00632143,0.0124053955,0.0881691,-0.64800644,0.0033293962,-0.01404611,-0.026250869,0.07686424,0.0,0.0,0.0,0.0,0.0,0.2635478,0.26350775,0.5718345,0.5819992,0.5819601,4.056909,0.002506611,0.0025072333,0.0025049471,0.09014674,0.0,0.0,0.0,0.0,0.0,0.0004545125,0.0041813664,0.012756028,0.0,0.0,0.0,0.0,0.0,0.0
2027293645,-0.025250435,0.13491726,0.033982158,0.011276245,0.08066559,-0.3075676,0.0033293962,-0.01404611,-0.026250869,0.044379473,0.0,0.0,0.0,0.0,0.0,0.26356158,0.26351658,0.5718413,0.58204854,0.58200896,4.0564456,0.002506611,0.0025072333,0.0025049471,0.0901468,0.0,0.0,0.0,0.0,0.0,0.00038384035,0.0066598826,0.01813471,0.0,0.0,0.0,0.0,0.0,0.0
2027494213,-0.025930405,0.04351616,0.019842863,0.099731445,0.09328461,-0.84791183,0.0033293962,-0.01404611,-0.026250869,0.025810242,0.0,0.0,0.0,0.0,0.0,0.2634897,0.2634441,0.57181686,0.5831841,0.5831446,4.056491,0.002506611,0.0025072333,0.0025049471,0.09014672,0.0,0.0,0.0,0.0,0.0,0.00031784066,0.011534724,0.035844147,0.0,0.0,0.0,0.0,0.0,0.0
2027694477,-0.019212723,0.07659936,-0.013583779,0.011810303,0.057266235,-0.20147324,0.0033293962,-0.01404611,-0.026250869,-0.044281244,0.0,0.0,0.0,0.0,0.0,0.26355496,0.26350603,0.5718503,0.5836315,0.58359015,4.0571065,0.002506611,0.0025072333,0.0025049471,0.09014674,0.0,0.0,0.0,0.0,0.0,0.00040860122,0.011060907,0.03304628,0.0,0.0,0.0,0.0,0.0,0.0
2027899201,-0.056591034,0.091570854,0.021842957,0.016403198,0.04928589,1.1305656,0.0033293962,-0.01404611,-0.026250869,0.022398233,0.0,0.0,0.0,0.0,0.0,0.2635915,0.2635413,0.5718532,0.5836386,0.5835962,4.0566597,0.002506611,0.0025072333,0.0025049471,0.09014662,0.0,0.0,0.0,0.0,0.0,0.000296522,0.015731052,0.052416116,0.0,0.0,0.0,0.0,0.0,0.0
2028100010,-3.1471252e-05,0.074368,0.08903372,0.004699707,0.041568756,0.025218964,0.0033293962,-0.01404611,-0.026250869,-0.025212526,0.0,0.0,0.0,0.0,0.0,0.26363942,0.26358944,0.5717844,0.58368826,0.5836449,4.056438,0.002506611,0.0025072333,0.0025049471,0.09014679,0.0,0.0,0.0,0.0,0.0,0.00028416511,0.007306429,0.022222837,0.0,0.0,0.0,0.0,0.0,0.0
2028300629,-0.067635536,0.095252275,0.024743795,-0.0335083,0.024356842,0.5450554,0.0033293962,-0.01404611,-0.026250869,-0.01659751,0.0,0.0,0.0,0.0,0.0,0.26365843,0.26360938,0.5718194,0.5853533,0.5853088,4.056406,0.002506611,0.0025072333,0.0025049471,0.09014688,0.0,0.0,0.0,0.0,0.0,0.00027335266,0.0019666646,0.0068843733,0.0,0.0,0.0,0.0,0.0,0.0
2028501404,-0.14319229,0.07114053,-0.031282544,0.04298401,0.059444427,-0.4977455,0.0033293962,-0.01404611,-0.026250869,-0.009562969,0.0,0.0,0.0,0.0,0.0,0.26359567,0.26354656,0.5717969,0.58503276,0.584988,4.05624,0.002506611,0.0025072333,0.0025049471,0.09014708,0.0,0.0,0.0,0.0,0.0,0.00036462824,0.005370387,0.016338218,0.0,0.0,0.0,0.0,0.0,0.0
2028702232,-0.081469536,0.084658384,0.11861348,0.04386902,0.054088593,-0.16415024,0.0033293962,-0.01404611,-0.026250869,-0.019063473,0.0,0.0,0.0,0.0,0.0,0.26362085,0.2635747,0.57180667,0.58654773,0.58650255,4.0563836,0.002506611,0.0025072333,0.0025049471,0.0901471,0.0,0.0,0.0,0.0,0.0,0.00042426446,0.0045769033,0.013734977,0.0,0.0,0.0,0.0,0.0,0.0
2028906445,-0.10358906,0.11454916,0.08757651,0.03326416,0.05715561,0.6736107,0.0033293962,-0.01404611,-0.026250869,-0.0035324097,0.0,0.0,0.0,0.0,0.0,0.26367632,0.263632,0.5718197,0.58662874,0.5865837,4.0564837,0.002506611,0.0025072333,0.0025049471,0.09014708,0.0,0.0,0.0,0.0,0.0,0.0005114142,0.003843649,0.012574312,0.0,0.0,0.0,0.0,0.0,0.0
2029107004,-0.05978775,0.09793401,0.07430291,0.034561157,0.05221939,-0.029911041,0.0033293962,-0.01404611,-0.026250869,0.0547235,0.0,0.0,0.0,0.0,0.0,0.2636807,0.2636382,0.57183063,0.58811814,0.5880738,4.056547,0.002506611,0.0025072333,0.0025049471,0.09014717,0.0,0.0,0.0,0.0,0.0,0.00035162098,0.0076043336,0.026468601,0.0,0.0,0.0,0.0,0.0,0.0
2029307829,-0.008989334,0.103716135,0.04273677,0.10404968,0.074611664,0.19374466,0.0033293962,-0.01404611,-0.026250869,-0.04479432,0.0,0.0,0.0,0.0,0.0,0.26366985,0.2636297,0.5718125,0.5878571,0.5878143,4.056906,0.002506611,0.0025072333,0.0025049471,0.090147234,0.0,0.0,0.0,0.0,0.0,0.0003463067,0.01647713,0.052481756,0.0,0.0,0.0,0.0,0.0,0.0
2029508896,-0.13428307,0.116711855,0.15474474,0.07714844,0.071998596,-0.43782425,0.0033293962,-0.01404611,-0.026250869,0.021365166,0.0,0.0,0.0,0.0,0.0,0.26370323,0.26366416,0.5718974,0.5879792,0.5879371,4.0569587,0.002506611,0.0025072333,0.0025049471,0.09014728,0.0,0.0,0.0,0.0,0.0,0.0005423501,0.01122625,0.04149776,0.0,0.0,0.0,0.0,0.0,0.0
2029709624,-0.15361023,0.086854696,0.06664455,0.05882263,0.06486511,-0.22758865,0.0033293962,-0.01404611,-0.026250869,0.049456596,0.0,0.0,0.0,0.0,0.0,0.26371545,0.26367593,0.5719015,0.5895409,0.5894995,4.0570064,0.002506611,0.0025072333,0.0025049471,0.09014727,0.0,0.0,0.0,0.0,0.0,0.00074680254,0.008297745,0.030447332,0.0,0.0,0.0,0.0,0.0,0.0
2029909615,-0.07890701,0.048950672,0.1712445,0.05659485,0.057388306,-0.003932953,0.0033293962,-0.01404611,-0.026250869,-0.0017330647,0.0,0.0,0.0,0.0,0.0,0.26371688,0.26367748,0.57182896,0.58965385,0.58961296,4.056781,0.002506611,0.0025072333,0.0025049471,0.0901474,0.0,0.0,0.0,0.0,0.0,0.0007757513,0.0012789619,0.006540403,0.0,0.0,0.0,0.0,0.0,0.0
2030114215,-0.09549141,0.047107935,0.086921215,0.061920166,0.05784607,-0.3768425,0.0033293962,-0.01404611,-0.026250869,0.015218496,0.0,0.0,0.0,0.0,0.0,0.26367822,0.26363748,0.5718359,0.5911632,0.59112245,4.056855,0.002506611,0.0025072333,0.0025049471,0.090147264,0.0,0.0,0.0,0.0,0.0,0.00049203925,0.007102363,0.018977795,0.0,0.0,0.0,0.0,0.0,0.0
2030315198,-0.07898998,0.08279109,0.12236261,0.0463562,0.05317688,0.3678627,0.0033293962,-0.01404611,-0.026250869,0.020048141,0.0,0.0,0.0,0.0,0.0,0.2637158,0.2636748,0.57184285,0.5912682,0.59122735,4.056616,0.002506611,0.0025072333,0.0025049471,0.090147205,0.0,0.0,0.0,0.0,0.0,0.0005064778,0.0049028345,0.015213032,0.0,0.0,0.0,0.0,0.0,0.0
2030515817,-0.10526276,0.06476903,0.045447588,-0.062576294,0.015628815,0.615139,0.0033293962,-0.01404611,-0.026250869,0.078564644,0.0,0.0,0.0,0.0,0.0,0.26371214,0.26367238,0.57180756,0.59025246,0.5902113,4.0567527,0.002506611,0.0025072333,0.0025049471,0.090147346,0.0,0.0,0.0,0.0,0.0,0.00057436485,0.0052984003,0.013182571,0.0,0.0,0.0,0.0,0.0,0.0
2030716583,-0.14203739,0.030611515,0.02329719,-0.03529358,0.028640747,-0.26499557,0.0033293962,-0.01404611,-0.026250869,0.04221773,0.0,0.0,0.0,0.0,0.0,0.26370448,0.26366574,0.57188714,0.59008414,0.5900438,4.056689,0.002506611,0.0025072333,0.0025049471,0.09014758,0.0,0.0,0.0,0.0,0.0,0.0007179247,0.009432451,0.026505826,0.0,0.0,0.0,0.0,0.0,0.0
2030920883,-0.108249664,0.12005997,0.067460656,-0.04434204,0.03422928,0.39430618,0.0033293962,-0.01404611,-0.026250869,0.017021656,0.0,0.0,0.0,0.0,0.0,0.26373485,0.26369599,0.57189643,0.59011716,0.59007734,4.056773,0.002506611,0.0025072333,0.0025049471,0.09014759,0.0,0.0,0.0,0.0,0.0,0.0008485873,0.009012629,0.026335644,0.0,0.0,0.0,0.0,0.0,0.0
2031121572,-0.10134888,0.045758486,0.044568777,-0.049987793,0.032302856,0.12765884,0.0033293962,-0.01404611,-0.026250869,0.046339035,0.0,0.0,0.0,0.0,0.0,0.26370695,0.26366824,0.57182515,0.5886535,0.5886142,4.0565805,0.002506611,0.0025072333,0.0025049471,0.09014758,0.0,0.0,0.0,0.0,0.0,0.00068408466,0.0075818114,0.02022477,0.0,0.0,0.0,0.0,0.0,0.0
2031322409,-0.09360123,0.06615281,0.039795995,-0.07702637,0.039684296,0.07885361,0.0033293962,-0.01404611,-0.026250869,-0.009534597,0.0,0.0,0.0,0.0,0.0,0.2637304,0.2636921,0.5718368,0.5886633,0.58862454,4.0563807,0.002506611,0.0025072333,0.0025049471,0.09014766,0.0,0.0,0.0,0.0,0.0,0.00079716253,0.008712547,0.026264135,0.0,0.0,0.0,0.0,0.0,0.0
2031523400,-0.05579853,0.08068395,0.084284425,-0.005218506,0.06507492,0.4886093,0.0033293962,-0.01404611,-0.026250869,-2.7179718e-05,0.0,0.0,0.0,0.0,0.0,0.26364845,0.26361042,0.57181615,0.5883136,0.58827597,4.0564837,0.002506611,0.0025072333,0.0025049471,0.09014761,0.0,0.0,0.0,0.0,0.0,0.0006299248,0.00529959,0.017073812,0.0,0.0,0.0,0.0,0.0,0.0
2031724038,-0.11682987,0.10737443,0.057936788,-0.031829834,0.06556702,-0.28364944,0.0033293962,-0.01404611,-0.026250869,-0.0018253326,0.0,0.0,0.0,0.0,0.0,0.26361448,0.26357418,0.5718287,0.5883553,0.58831817,4.056634,0.002506611,0.0025072333,0.0025049471,0.090147555,0.0,0.0,0.0,0.0,0.0,0.00040136886,0.0046375077,0.0110072605,0.0,0.0,0.0,0.0,0.0,0.0
2031924840,-0.17332363,0.05510378,0.08562708,-0.008621216,0.07772446,-0.55704117,0.0033293962,-0.01404611,-0.026250869,0.061707973,0.0,0.0,0.0,0.0,0.0,0.26355973,0.26351684,0.5718314,0.58820796,0.5881715,4.0563293,0.002506611,0.0025072333,0.0025049471,0.09014777,0.0,0.0,0.0,0.0,0.0,0.0004610062,0.0053516403,0.011082569,0.0,0.0,0.0,0.0,0.0,0.0
2032125419,-0.13391304,0.068424225,-0.060402513,-0.032470703,0.07281113,-0.17665482,0.0033293962,-0.01404611,-0.026250869,0.014881849,0.0,0.0,0.0,0.0,0.0,0.26356468,0.263521,0.57184356,0.5868042,0.5867679,4.0564466,0.002506611,0.0025072333,0.0025049471,0.090147726,0.0,0.0,0.0,0.0,0.0,0.0006249783,0.0053256825,0.012815145,0.0,0.0,0.0,0.0,0.0,0.0
2032329414,-0.1917944,0.14323497,0.10057747,-0.046310425,0.08036423,-0.6896515,0.0033293962,-0.01404611,-0.026250869,0.014578342,0.0,0.0,0.0,0.0,0.0,0.2635643,0.2635212,0.5718518,0.5867925,0.58675617,4.0565505,0.002506611,0.0025072333,0.0025049471,0.09014777,0.0,0.0,0.0,0.0,0.0,0.0007832135,0.010858795,0.025807481,0.0,0.0,0.0,0.0,0.0,0.0
2032530482,-0.13963223,0.026552916,-0.08912134,-0.06863403,0.081401825,-0.18099976,0.0033293962,-0.01404611,-0.026250869,0.051432133,0.0,0.0,0.0,0.0,0.0,0.26358366,0.26354107,0.5718589,0.5868173,0.5867808,4.0566173,0.002506611,0.0025072333,0.0025049471,0.090148,0.0,0.0,0.0,0.0,0.0,0.0006323951,0.00697026,0.01567172,0.0,0.0,0.0,0.0,0.0,0.0
2032731023,-0.11045742,0.07895517,-0.008399487,-0.115234375,0.06393814,-0.27016068,0.0033293962,-0.01404611,-0.026250869,0.039919376,0.0,0.0,0.0,0.0,0.0,0.26371467,0.263672,0.57189167,0.58702606,0.58698905,4.056579,0.002506611,0.0025072333,0.0025049471,0.09014835,0.0,0.0,0.0,0.0,0.0,0.00092886126,0.0075462237,0.02295841,0.0,0.0,0.0,0.0,0.0,0.0
2032935784,-0.08684349,0.009721756,0.14682513,-0.038101196,0.071258545,-0.018299103,0.0033293962,-0.01404611,-0.026250869,-0.0035943985,0.0,0.0,0.0,0.0,0.0,0.26372215,0.26367635,0.5718708,0.58524585,0.5852092,4.0567174,0.002506611,0.0025072333,0.0025049471,0.09014834,0.0,0.0,0.0,0.0,0.0,0.0007416723,0.0037090783,0.0088039655,0.0,0.0,0.0,0.0,0.0,0.0
2033135807,-0.101623535,0.17928171,0.091671705,-0.09490967,0.065029144,0.41312027,0.0033293962,-0.01404611,-0.026250869,0.06920123,0.0,0.0,0.0,0.0,0.0,0.26376042,0.26370913,0.5719034,0.58546776,0.58543026,4.0569005,0.002506611,0.0025072333,0.0025049471,0.0901482,0.0,0.0,0.0,0.0,0.0,0.00068026956,0.006847186,0.020260826,0.0,0.0,0.0,0.0,0.0,0.0
2033340608,-0.087059975,0.0448246,0.0721122,-0.09213257,0.062316895,0.18491745,0.0033293962,-0.01404611,-0.026250869,0.013628244,0.0,0.0,0.0,0.0,0.0,0.26370856,0.26365483,0.5719039,0.58544415,0.58540577,4.0567446,0.002506611,0.0025072333,0.0025049471,0.09014809,0.0,0.0,0.0,0.0,0.0,0.0003945502,0.0034482086,0.012082604,0.0,0.0,0.0,0.0,0.0,0.0
2033541627,-0.098962784,0.10588455,0.032645345,-0.024139404,0.08366394,-0.5086365,0.0033293962,-0.01404611,-0.026250869,0.06370807,0.0,0.0,0.0,0.0,0.0,0.26366195,0.2636096,0.57187575,0.58510643,0.5850676,4.05683,0.002506611,0.0025072333,0.0025049471,0.090147965,0.0,0.0,0.0,0.0,0.0,0.0005108068,0.005066267,0.017432954,0.0,0.0,0.0,0.0,0.0,0.0
2033742452,-0.17307758,0.094552994,-0.03663659,-0.047531128,0.07564926,-0.41926193,0.0033293962,-0.01404611,-0.026250869,0.06716752,0.0,0.0,0.0,0.0,0.0,0.2636996,0.26364973,0.57187885,0.5837184,0.5836784,4.0566154,0.002506611,0.0025072333,0.0025049471,0.09014788,0.0,0.0,0.0,0.0,0.0,0.00081533234,0.004502959,0.012909667,0.0,0.0,0.0,0.0,0.0,0.0
2033947013,-0.1426096,0.047111273,0.057088733,-0.061279297,0.07149124,0.15971375,0.0033293962,-0.01404611,-0.026250869,-0.0022785664,0.0,0.0,0.0,0.0,0.0,0.26376837,0.2637209,0.5718139,0.5837653,0.5837245,4.0564976,0.002506611,0.0025072333,0.0025049471,0.090147935,0.0,0.0,0.0,0.0,0.0,0.0007854236,0.005540314,0.016483713,0.0,0.0,0.0,0.0,0.0,0.0
2034147986,-0.10428047,0.10431242,0.023980975,-0.1509552,0.033554077,-0.111148834,0.0033293962,-0.01404611,-0.026250869,-0.011070251,0.0,0.0,0.0,0.0,0.0,0.26380005,0.26375178,0.57185495,0.58412445,0.5840823,4.056625,0.002506611,0.0025072333,0.0025049471,0.09014788,0.0,0.0,0.0,0.0,0.0,0.0007734668,0.0047283564,0.012886082,0.0,0.0,0.0,0.0,0.0,0.0
2034347756,-0.06914234,0.032726526,0.037834525,-0.07342529,0.05990982,-0.097724915,0.0033293962,-0.01404611,-0.026250869,0.04616475,0.0,0.0,0.0,0.0,0.0,0.26367834,0.26362783,0.5718302,0.5837592,0.5837171,4.0567317,0.002506611,0.0025072333,0.0025049471,0.09014782,0.0,0.0,0.0,0.0,0.0,0.0005656041,0.00625593,0.021086525,0.0,0.0,0.0,0.0,0.0,0.0
2034552817,-0.0621109,0.077961445,-0.07932556,-0.07120514,0.05332184,0.27217865,0.0033293962,-0.01404611,-0.026250869,-0.060678244,0.0,0.0,0.0,0.0,0.0,0.26354432,0.26348996,0.5718258,0.5837723,0.5837291,4.0567813,0.002506611,0.0025072333,0.0025049471,0.09014784,0.0,0.0,0.0,0.0,0.0,0.00041711814,0.011062113,0.03988825,0.0,0.0,0.0,0.0,0.0,0.0
2034753650,-0.008302689,0.05250311,-0.08007169,-0.11808777,0.039165497,0.52163315,0.0033293962,-0.01404611,-0.026250869,0.052985907,0.0,0.0,0.0,0.0,0.0,0.26349294,0.26343477,0.5718476,0.5839481,0.58390325,4.056745,0.002506611,0.0025072333,0.0025049471,0.09014775,0.0,0.0,0.0,0.0,0.0,0.00058271515,0.0074615926,0.026602736,0.0,0.0,0.0,0.0,0.0,0.0
2034954547,-0.04186535,0.04303646,0.07801604,-0.039604187,0.068424225,0.31028366,0.0033293962,-0.01404611,-0.026250869,0.027234793,0.0,0.0,0.0,0.0,0.0,0.26342288,0.26336217,0.5718191,0.58357304,0.5835278,4.0568333,0.002506611,0.0025072333,0.0025049471,0.09014773,0.0,0.0,0.0,0.0,0.0,0.0010602433,0.007983592,0.02387447,0.0,0.0,0.0,0.0,0.0,0.0
2035159031,-0.08142948,0.056947708,0.106437206,-0.035850525,0.06019211,0.722908,0.0033293962,-0.01404611,-0.026250869,0.091887,0.0,0.0,0.0,0.0,0.0,0.26347736,0.26341534,0.57182115,0.5835982,0.5835515,4.0569105,0.002506611,0.0025072333,0.0025049471,0.09014776,0.0,0.0,0.0,0.0,0.0,0.0013389296,0.0102282865,0.032222673,0.0,0.0,0.0,0.0,0.0,0.0
2035359277,-0.056734085,-0.011245728,0.044178367,-0.11531067,0.023435593,0.3649292,0.0033293962,-0.01404611,-0.026250869,-0.0020005703,0.0,0.0,0.0,0.0,0.0,0.2635557,0.26349202,0.5718512,0.58393574,0.583887,4.0568376,0.002506611,0.0025072333,0.0025049471,0.09014776,0.0,0.0,0.0,0.0,0.0,0.0011281858,0.01573486,0.05079924,0.0,0.0,0.0,0.0,0.0,0.0
2035560041,-0.0434227,0.039972067,0.0898056,-0.079811096,0.03435135,-0.78009796,0.0033293962,-0.01404611,-0.026250869,0.055747747,0.0,0.0,0.0,0.0,0.0,0.2635448,0.26348013,0.57184404,0.5837492,0.58369946,4.0569015,0.002506611,0.0025072333,0.0025049471,0.09014791,0.0,0.0,0.0,0.0,0.0,0.0010130533,0.006328375,0.018805636,0.0,0.0,0.0,0.0,0.0,0.0
2035760811,-0.089904785,0.072461605,-0.01785314,-0.08027649,0.029735565,-0.25860214,0.0033293962,-0.01404611,-0.026250869,-0.031416416,0.0,0.0,0.0,0.0,0.0,0.26353943,0.26347342,0.5718424,0.5852,0.5851489,4.056735,0.002506611,0.0025072333,0.0025049471,0.09014792,0.0,0.0,0.0,0.0,0.0,0.0007291306,0.0049679307,0.013270774,0.0,0.0,0.0,0.0,0.0,0.0
2035961406,-0.0020885468,0.07760739,0.019368768,-0.07489014,0.03305435,-0.028079987,0.0033293962,-0.01404611,-0.026250869,-0.008083582,0.0,0.0,0.0,0.0,0.0,0.26359138,0.26352364,0.571844,0.58523214,0.5851795,4.056778,0.002506611,0.0025072333,0.0025049471,0.09014778,0.0,0.0,0.0,0.0,0.0,0.0005642674,0.003349631,0.0062687634,0.0,0.0,0.0,0.0,0.0,0.0
2036162406,0.011767387,0.010050535,0.038398027,-0.0047073364,0.04582405,0.06303024,0.0033293962,-0.01404611,-0.026250869,-0.0051648617,0.0,0.0,0.0,0.0,0.0,0.2635329,0.26346296,0.57181454,0.5849116,0.5848584,4.0568414,0.002506611,0.0025072333,0.0025049471,0.09014773,0.0,0.0,0.0,0.0,0.0,0.00042181724,0.008591384,0.022944605,0.0,0.0,0.0,0.0,0.0,0.0
2036362539,0.016604424,-0.04053521,-0.0028247833,-0.008888245,0.034269333,-1.0286713,0.0033293962,-0.01404611,-0.026250869,0.012559652,0.0,0.0,0.0,0.0,0.0,0.26351523,0.2634427,0.5718143,0.5849398,0.58488494,4.056641,0.002506611,0.0025072333,0.0025049471,0.090147726,0.0,0.0,0.0,0.0,0.0,0.00035772639,0.012993638,0.03733275,0.0,0.0,0.0,0.0,0.0,0.0
2036564009,0.0042037964,0.00467515,-0.026146531,-0.15551758,-0.03832245,-0.07408905,0.0033293962,-0.01404611,-0.026250869,0.068314314,0.0,0.0,0.0,0.0,0.0,0.26366392,0.26358977,0.57180446,0.58570653,0.58564794,4.056723,0.002506611,0.0025072333,0.0025049471,0.09014767,0.0,0.0,0.0,0.0,0.0,0.00081107055,0.011369819,0.030135859,0.0,0.0,0.0,0.0,0.0,0.0
2036768041,-0.105545044,0.022768497,-0.049925685,-0.07234955,-0.008443832,-0.21485901,0.0033293962,-0.01404611,-0.026250869,-0.027762413,0.0,0.0,0.0,0.0,0.0,0.26363736,0.26356518,0.5717797,0.5853288,0.5852698,4.056674,0.002506611,0.0025072333,0.0025049471,0.09014779,0.0,0.0,0.0,0.0,0.0,0.00047102576,0.012095643,0.037892126,0.0,0.0,0.0,0.0,0.0,0.0
2036968866,-0.1369915,-0.038264513,-0.05159676,-0.045707703,-0.0018978119,0.48128128,0.0033293962,-0.01404611,-0.026250869,-0.0057706833,0.0,0.0,0.0,0.0,0.0,0.263538,0.26346812,0.5717809,0.5851633,0.58510333,4.0565042,0.002506611,0.0025072333,0.0025049471,0.09014789,0.0,0.0,0.0,0.0,0.0,0.00043442345,0.008672333,0.02336825,0.0,0.0,0.0,0.0,0.0,0.0
2037169583,-0.045376778,-0.042744637,-0.08506465,0.023452759,0.02114296,0.21958923,0.0033293962,-0.01404611,-0.026250869,0.0014717579,0.0,0.0,0.0,0.0,0.0,0.26346228,0.26339516,0.57176113,0.58629006,0.5862298,4.056605,0.002506611,0.0025072333,0.0025049471,0.090148024,0.0,0.0,0.0,0.0,0.0,0.0003639987,0.0073393844,0.016815286,0.0,0.0,0.0,0.0,0.0,0.0
2037370489,-0.029566765,0.044206142,-0.18451142,0.0035705566,0.022249222,-0.65125656,0.0033293962,-0.01404611,-0.026250869,0.027668238,0.0,0.0,0.0,0.0,0.0,0.26347098,0.26340047,0.57176894,0.5863686,0.5863071,4.056702,0.002506611,0.0025072333,0.0025049471,0.090148255,0.0,0.0,0.0,0.0,0.0,9.129136e-05,0.008725136,0.025523052,0.0,0.0,0.0,0.0,0.0,0.0
2037574233,-0.11832714,-0.02092576,-0.07805669,-0.0845871,-0.010393143,1.3684158,0.0033293962,-0.01404611,-0.026250869,-0.037360907,0.0,0.0,0.0,0.0,0.0,0.26362014,0.2635508,0.5718074,0.58676785,0.58670455,4.0566607,0.002506611,0.0025072333,0.0025049471,0.09014812,0.0,0.0,0.0,0.0,0.0,0.0005991668,0.0050215195,0.011198881,0.0,0.0,0.0,0.0,0.0,0.0
2037775043,0.0035362244,-0.0363338,-0.016089797,-0.04976654,-0.018180847,-0.24382782,0.0033293962,-0.01404611,-0.026250869,-0.009576082,0.0,0.0,0.0,0.0,0.0,0.26361543,0.26354718,0.57180965,0.586635,0.58657163,4.0564585,0.002506611,0.0025072333,0.0025049471,0.090148136,0.0,0.0,0.0,0.0,0.0,0.0004400695,0.010789068,0.031864714,0.0,0.0,0.0,0.0,0.0,0.0
2037976087,-0.020741463,-0.0494411,-0.21020257,-0.12578583,-0.06280708,-0.15875626,0.0033293962,-0.01404611,-0.026250869,0.05715871,0.0,0.0,0.0,0.0,0.0,0.26374936,0.2636824,0.5717743,0.5856022,0.5855378,4.0565624,0.002506611,0.0025072333,0.0025049471,0.09014811,0.0,0.0,0.0,0.0,0.0,0.00021820389,0.014036355,0.040401652,0.0,0.0,0.0,0.0,0.0,0.0
2038177000,-0.096922874,0.063518286,-0.123692274,-0.13941193,-0.048301697,-0.50857925,0.0033293962,-0.01404611,-0.026250869,0.050735712,0.0,0.0,0.0,0.0,0.0,0.26373392,0.26366782,0.57178205,0.5856,0.58553576,4.0563946,0.002506611,0.0025072333,0.0025049471,0.09014823,0.0,0.0,0.0,0.0,0.0,0.0003112976,0.00507345,0.014596786,0.0,0.0,0.0,0.0,0.0,0.0
2038377387,-0.07085705,0.00848794,-0.15847898,-0.061782837,-0.020153046,1.2122993,0.0033293962,-0.01404611,-0.026250869,-0.027313948,0.0,0.0,0.0,0.0,0.0,0.2636267,0.2635613,0.57175756,0.5852337,0.5851706,4.0565386,0.002506611,0.0025072333,0.0025049471,0.0901482,0.0,0.0,0.0,0.0,0.0,0.00069534563,0.0039140494,0.01250218,0.0,0.0,0.0,0.0,0.0,0.0
2038578279,-0.025018692,0.023199081,-0.11793244,-0.056495667,-0.023672104,0.71022797,0.0033293962,-0.01404611,-0.026250869,0.016956806,0.0,0.0,0.0,0.0,0.0,0.26360843,0.26354277,0.5717619,0.5852295,0.5851666,4.05638,0.002506611,0.0025072333,0.0025049471,0.09014822,0.0,0.0,0.0,0.0,0.0,0.00074856606,0.0046457495,0.016809708,0.0,0.0,0.0,0.0,0.0,0.0
2038778649,-0.09004974,0.03589034,-0.024800062,-0.07306671,-0.018798828,0.30875778,0.0033293962,-0.01404611,-0.026250869,0.05685711,0.0,0.0,0.0,0.0,0.0,0.26361883,0.26355228,0.57177025,0.5852622,0.5851991,4.0565133,0.002506611,0.0025072333,0.0025049471,0.090148136,0.0,0.0,0.0,0.0,0.0,0.00061972276,0.0059296605,0.020361258,0.0,0.0,0.0,0.0,0.0,0.0
2038983292,-0.031754494,0.016844034,-0.07296479,-0.08308411,-0.021598816,-0.48563004,0.0033293962,-0.01404611,-0.026250869,-0.013229847,0.0,0.0,0.0,0.0,0.0,0.26362962,0.26356134,0.5717791,0.5852894,0.5852263,4.0563755,0.002506611,0.0025072333,0.0025049471,0.090148024,0.0,0.0,0.0,0.0,0.0,0.00036153142,0.0034795515,0.012959405,0.0,0.0,0.0,0.0,0.0,0.0
2039183814,-0.024030685,0.119585276,-0.07468498,-0.039749146,0.0014076233,0.5971451,0.0033293962,-0.01404611,-0.026250869,-0.045209408,0.0,0.0,0.0,0.0,0.0,0.26362124,0.26355192,0.5717809,0.58514255,0.5850798,4.056391,0.002506611,0.0025072333,0.0025049471,0.09014802,0.0,0.0,0.0,0.0,0.0,0.0003917598,0.0052778916,0.015542177,0.0,0.0,0.0,0.0,0.0,0.0
2039384851,0.044013023,-0.0362916,-0.10340309,-0.034187317,-0.009410858,0.014583588,0.0033293962,-0.01404611,-0.026250869,0.02714634,0.0,0.0,0.0,0.0,0.0,0.2636364,0.26356608,0.57171583,0.5866395,0.5865765,4.056227,0.002506611,0.0025072333,0.0025049471,0.09014801,0.0,0.0,0.0,0.0,0.0,0.00042090451,0.0066131665,0.016380955,0.0,0.0,0.0,0.0,0.0,0.0
2039585628,0.0031576157,0.020780563,-0.16468096,-0.014373779,-0.010897636,0.41207886,0.0033293962,-0.01404611,-0.026250869,-0.01920867,0.0,0.0,0.0,0.0,0.0,0.26365146,0.26358065,0.5717267,0.5881134,0.58805025,4.0563765,0.002506611,0.0025072333,0.0025049471,0.09014795,0.0,0.0,0.0,0.0,0.0,0.00042072107,0.006874813,0.016031267,0.0,0.0,0.0,0.0,0.0,0.0
2039789679,0.0053100586,0.060838938,-0.14007866,-0.022857666,-0.012187958,0.29646683,0.0033293962,-0.01404611,-0.026250869,0.040456295,0.0,0.0,0.0,0.0,0.0,0.26370755,0.26363543,0.57173896,0.5881929,0.5881292,4.0562377,0.002506611,0.0025072333,0.0025049471,0.0901479,0.0,0.0,0.0,0.0,0.0,0.0010579998,0.008078658,0.023142762,0.0,0.0,0.0,0.0,0.0,0.0
2039990469,0.100317,0.056483746,-0.10688019,0.06417084,0.0032396317,0.7062378,0.0033293962,-0.01404611,-0.026250869,-0.018971205,0.0,0.0,0.0,0.0,0.0,0.26381618,0.26373896,0.5717201,0.5893782,0.589315,4.056366,0.002506611,0.0025072333,0.0025049471,0.0901477,0.0,0.0,0.0,0.0,0.0,0.0003356587,0.0113479765,0.023796609,0.0,0.0,0.0,0.0,0.0,0.0
2040191263,0.07263565,0.06646919,-0.02875626,-0.011520386,-0.020887375,1.2726021,0.0033293962,-0.01404611,-0.026250869,0.038323164,0.0,0.0,0.0,0.0,0.0,0.26397127,0.26388997,0.57176024,0.5898896,0.58982444,4.056502,0.002506611,0.0025072333,0.0025049471,0.090147555,0.0,0.0,0.0,0.0,0.0,0.00021350478,0.017078158,0.043558493,0.0,0.0,0.0,0.0,0.0,0.0
2040392105,0.21284294,-0.023898363,-0.10850787,0.053977966,-0.011835098,-0.629467,0.0033293962,-0.01404611,-0.026250869,0.01346612,0.0,0.0,0.0,0.0,0.0,0.26395327,0.263894,0.5717634,0.5912616,0.5911965,4.0565023,0.002506611,0.0025072333,0.0025049471,0.0901476,0.0,0.0,0.0,0.0,0.0,0.00049535267,0.018245058,0.03462939,0.0,0.0,0.0,0.0,0.0,0.0
2040592847,0.17206764,0.19004607,-0.1685043,0.08214569,-0.007426262,-0.52593994,0.0325813,-0.002177149,-0.0063728094,0.046551704,0.0,0.0,0.0,0.0,0.0,0.26415282,0.26418746,0.57177335,0.5899484,0.5898854,4.0563464,0.0025096284,0.0025133519,0.0025093886,0.09014746,0.0,0.0,0.0,0.0,0.0,0.0016233622,0.020989714,0.060529392,0.0,0.0,0.0,0.0,0.0,0.0
2040793678,0.061135292,0.07251835,-0.17816007,0.2245102,0.037205696,0.29374313,0.027205378,-0.01819297,-0.047909915,0.046551704,0.0,0.0,0.0,0.0,0.0,0.26411632,0.26444253,0.57171285,0.5892233,0.5891999,4.0564675,0.0025088775,0.0025129805,0.0025095216,0.09014746,0.0,0.0,0.0,0.0,0.0,0.0015764106,0.011931073,0.032045353,0.0,0.0,0.0,0.0,0.0,0.0
2040997612,0.051173687,0.028740406,-0.2655356,0.23248291,0.01663971,0.64107513,0.029955655,-0.030592173,-0.044570386,0.046551704,0.0,0.0,0.0,0.0,0.0,0.26410368,0.26496544,0.57171565,0.58931637,0.5893701,4.0565567,0.002508471,0.0025126624,0.0025093323,0.09014746,0.0,0.0,0.0,0.0,0.0,0.0016804088,0.005874675,0.027804231,0.0,0.0,0.0,0.0,0.0,0.0
2041198608,0.23745108,0.19265854,-0.27643156,0.16100311,0.0051021576,-0.34931183,0.022045583,0.006853007,0.015212566,0.046551704,0.0,0.0,0.0,0.0,0.0,0.2641335,0.26577678,0.5717156,0.5915195,0.5917346,4.05633,0.0025080957,0.002512312,0.0025091204,0.09014746,0.0,0.0,0.0,0.0,0.0,0.0018142096,0.009826398,0.030301372,0.0,0.0,0.0,0.0,0.0,0.0
2041399267,0.14367247,0.10400367,-0.16189003,0.1947403,0.007112503,-0.37182236,0.032205284,-0.017261766,-0.04852557,0.046551704,0.0,0.0,0.0,0.0,0.0,0.26402068,0.2665427,0.5717467,0.5929388,0.5933597,4.0564027,0.0025078172,0.0025119544,0.0025088857,0.09014746,0.0,0.0,0.0,0.0,0.0,0.0012074091,0.018463632,0.06022634,0.0,0.0,0.0,0.0,0.0,0.0
2041599794,0.14128494,0.08185756,-0.1525495,0.228302,0.014436722,-0.64636993,0.024941623,0.001130119,-0.0016343594,0.046551704,0.0,0.0,0.0,0.0,0.0,0.26391923,0.26736262,0.5717875,0.5943202,0.5950281,4.0564833,0.0025076128,0.0025116904,0.0025086827,0.09014746,0.0,0.0,0.0,0.0,0.0,0.00073594373,0.020488981,0.0713037,0.0,0.0,0.0,0.0,0.0,0.0
2041800817,0.013281822,0.115401864,-0.08213389,0.2657318,0.025782585,0.6221695,0.042400062,0.0055619255,-0.014630586,0.046551704,0.0,0.0,0.0,0.0,0.0,0.2637211,0.26798448,0.5718798,0.59687465,0.59789485,4.056573,0.0025075027,0.0025114717,0.0025083697,0.09014746,0.0,0.0,0.0,0.0,0.0,0.0010446253,0.023951335,0.08518955,0.0,0.0,0.0,0.0,0.0,0.0
2042004858,0.09426296,0.13588387,-0.24112129,0.2895012,0.03129673,-0.5489731,0.011033177,0.0032294095,-0.0039744973,0.046551704,0.0,0.0,0.0,0.0,0.0,0.26361835,0.26853287,0.5719329,0.5998358,0.6012649,4.0567203,0.0025074983,0.0025112864,0.0025079423,0.09014746,0.0,0.0,0.0,0.0,0.0,0.0014564535,0.01808148,0.063098766,0.0,0.0,0.0,0.0,0.0,0.0
2042205604,0.017865896,-0.0022261739,-0.0923841,0.31624985,0.03494644,-0.37400818,0.0167,-0.016111217,-0.010278851,0.046551704,0.0,0.0,0.0,0.0,0.0,0.26345706,0.26868522,0.5719509,0.6008316,0.60263175,4.056767,0.0025076023,0.0025110852,0.002507423,0.09014746,0.0,0.0,0.0,0.0,0.0,0.0014560007,0.017432924,0.061861344,0.0,0.0,0.0,0.0,0.0,0.0
2042406212,0.04850751,0.109487474,-0.10496545,0.30463028,0.033878326,-1.6123085,0.01836221,-0.009231791,-0.01684469,0.046551704,0.0,0.0,0.0,0.0,0.0,0.26354477,0.26884604,0.5719982,0.60455954,0.60693353,4.056579,0.002507664,0.0025108731,0.0025070333,0.09014746,0.0,0.0,0.0,0.0,0.0,0.0007227265,0.04303026,0.14644484,0.0,0.0,0.0,0.0,0.0,0.0
2042607300,0.054170795,0.19045901,-0.12949693,0.30311966,0.03579998,-0.18684006,0.014443353,-0.017025106,-0.037271082,0.046551704,0.0,0.0,0.0,0.0,0.0,0.2636201,0.26857632,0.5721088,0.6052957,0.608187,4.0566764,0.0025076382,0.0025106324,0.0025067453,0.09014746,0.0,0.0,0.0,0.0,0.0,0.0007938526,0.031072784,0.110650286,0.0,0.0,0.0,0.0,0.0,0.0
2042812301,-0.0629549,0.0655486,0.046898007,0.29151535,0.03831005,-1.2023506,0.0069229454,-0.008188456,-0.012551963,0.046551704,0.0,0.0,0.0,0.0,0.0,0.26338997,0.26780656,0.57204044,0.6056527,0.608651,4.0565243,0.002507641,0.0025103914,0.0025064875,0.09014746,0.0,0.0,0.0,0.0,0.0,0.00052238035,0.03340239,0.12042378,0.0,0.0,0.0,0.0,0.0,0.0
2043013214,-0.075259,0.09065652,-0.038604498,0.27837753,0.04212284,-0.47479248,-0.011921257,0.004916951,0.028540522,0.046551704,0.0,0.0,0.0,0.0,0.0,0.26335865,0.2671926,0.57206637,0.60574687,0.6090023,4.0568147,0.0025076638,0.0025102273,0.0025062286,0.09014746,0.0,0.0,0.0,0.0,0.0,0.00030632503,0.01930571,0.071465254,0.0,0.0,0.0,0.0,0.0,0.0
2043212874,-0.056649327,0.12316474,0.014760971,0.26039124,0.041330338,-0.9113388,-0.014100254,0.0065352023,0.015080482,0.046551704,0.0,0.0,0.0,0.0,0.0,0.2633286,0.26652104,0.572103,0.6074805,0.61091787,4.0569367,0.0025076605,0.002510055,0.0025060084,0.09014746,0.0,0.0,0.0,0.0,0.0,0.00026610377,0.016198577,0.060748354,0.0,0.0,0.0,0.0,0.0,0.0
2043417652,-0.046545744,-0.0037746727,-0.007269621,0.24448013,0.027892113,-0.73789215,0.009318978,-0.0132648945,-0.028962314,0.046551704,0.0,0.0,0.0,0.0,0.0,0.26327187,0.26576567,0.5720942,0.60605884,0.60955274,4.0570383,0.0025075956,0.0025099146,0.002505805,0.09014746,0.0,0.0,0.0,0.0,0.0,0.0002011574,0.009104688,0.030598955,0.0,0.0,0.0,0.0,0.0,0.0
2043618695,-0.047681123,0.07491082,0.093830466,0.20744705,0.028699875,-0.91098785,-0.0038229004,0.0037000403,0.040471256,0.046551704,0.0,0.0,0.0,0.0,0.0,0.26322538,0.26505393,0.5720756,0.6046174,0.60805583,4.05738,0.002507486,0.0025097812,0.0025056624,0.09014746,0.0,0.0,0.0,0.0,0.0,8.3999505e-05,0.010662989,0.036220647,0.0,0.0,0.0,0.0,0.0,0.0
2043819274,-0.06698769,0.11540843,0.0024312735,0.18161774,0.03287506,-0.42118454,-0.008166455,-0.0072232895,-0.00878191,0.046551704,0.0,0.0,0.0,0.0,0.0,0.2631875,0.26442116,0.57205385,0.6031433,0.60643846,4.0574446,0.0025073783,0.0025096529,0.002505569,0.09014746,0.0,0.0,0.0,0.0,0.0,0.00018129709,0.0032615787,0.009822214,0.0,0.0,0.0,0.0,0.0,0.0
2044020001,-0.031728476,0.10822735,0.12652946,0.17191696,0.031251907,-0.8670044,-0.0043509156,-0.009227369,0.0043200552,0.046551704,0.0,0.0,0.0,0.0,0.0,0.26322955,0.26399562,0.57206786,0.6034507,0.6065362,4.0578523,0.0025072214,0.0025094692,0.0025054945,0.09014746,0.0,0.0,0.0,0.0,0.0,0.000228466,0.0022218004,0.008613868,0.0,0.0,0.0,0.0,0.0,0.0
2044220622,-0.1619236,0.091302544,0.04871738,0.1370964,0.03592682,0.5277252,-0.0015255362,-0.006646093,-0.018396914,0.046551704,0.0,0.0,0.0,0.0,0.0,0.26312816,0.26358446,0.57209516,0.6028801,0.6056631,4.0576115,0.0025070913,0.0025093283,0.00250544,0.09014746,0.0,0.0,0.0,0.0,0.0,0.00022862985,0.013138638,0.044948313,0.0,0.0,0.0,0.0,0.0,0.0
2044421150,-0.12057298,0.11874339,0.0772562,0.10969925,0.049833298,-0.4226761,-0.010037184,-0.0012824014,0.020243704,0.046551704,0.0,0.0,0.0,0.0,0.0,0.2631222,0.2633654,0.57209367,0.60142684,0.60391796,4.0576415,0.0025069646,0.0025091963,0.0025053853,0.09014746,0.0,0.0,0.0,0.0,0.0,0.00026284446,0.014218361,0.049775146,0.0,0.0,0.0,0.0,0.0,0.0
2044621662,-0.03187982,0.17540568,0.12030721,0.09199524,0.056168556,-0.38074493,0.0035734326,-0.015817344,-0.014065683,0.046551704,0.0,0.0,0.0,0.0,0.0,0.2631277,0.26323754,0.5720994,0.6014335,0.6036175,4.0576315,0.0025068598,0.0025090869,0.0025053401,0.09014746,0.0,0.0,0.0,0.0,0.0,0.00032779665,0.010319472,0.038399868,0.0,0.0,0.0,0.0,0.0,0.0
2044822480,-0.08326185,0.13699326,0.06259823,0.07785797,0.05951786,-0.10803604,-0.015355259,0.015054617,0.040431052,0.046551704,0.0,0.0,0.0,0.0,0.0,0.26313952,0.2631711,0.57210726,0.6014343,0.60332626,4.0576587,0.002506746,0.0025089628,0.0025052475,0.09014746,0.0,0.0,0.0,0.0,0.0,0.0004463627,0.015572699,0.054385763,0.0,0.0,0.0,0.0,0.0,0.0
2045023328,-0.10079852,0.10683441,0.081751585,0.059547424,0.05998516,-0.44408798,-0.00057429075,-0.008187361,-0.011806786,0.046551704,0.0,0.0,0.0,0.0,0.0,0.26300237,0.26299298,0.5720509,0.59924877,0.6008574,4.057418,0.0025066393,0.0025088135,0.0025051862,0.09014746,0.0,0.0,0.0,0.0,0.0,0.00030129598,0.016761854,0.059096403,0.0,0.0,0.0,0.0,0.0,0.0
2045224104,-0.044274714,0.044549942,0.058647037,0.053020477,0.06004429,-0.7896309,-0.0043559223,0.009376347,0.018021554,0.046551704,0.0,0.0,0.0,0.0,0.0,0.26308647,0.26305884,0.57209885,0.599645,0.6010103,4.0574913,0.002506554,0.0025086727,0.0025051339,0.09014746,0.0,0.0,0.0,0.0,0.0,0.00013642505,0.012434773,0.045813456,0.0,0.0,0.0,0.0,0.0,0.0
2045423994,-0.018825285,0.03492734,0.16298461,0.055267334,0.04716301,-0.5769539,0.0065993965,-0.0058482215,-0.010040104,0.046551704,0.0,0.0,0.0,0.0,0.0,0.2631031,0.2630759,0.57211673,0.59819716,0.5993361,4.0572786,0.0025064782,0.0025085697,0.0025051057,0.09014746,0.0,0.0,0.0,0.0,0.0,9.739581e-05,0.0139130885,0.04877331,0.0,0.0,0.0,0.0,0.0,0.0
2045624884,-0.06885406,0.04579574,0.07006681,0.035095215,0.04413128,-0.20261002,0.00839594,0.0012976676,-0.0013006032,0.046551704,0.0,0.0,0.0,0.0,0.0,0.26315454,0.26313847,0.57205737,0.59675014,0.59767663,4.0571084,0.0025064016,0.0025084605,0.0025050277,0.09014746,0.0,0.0,0.0,0.0,0.0,0.00023419956,0.007471903,0.021621216,0.0,0.0,0.0,0.0,0.0,0.0
2045825423,0.051831648,0.020863682,0.041112423,0.04657364,0.03744793,-0.25426102,-0.0096267015,0.005903654,0.03528765,0.046551704,0.0,0.0,0.0,0.0,0.0,0.26319265,0.26319572,0.57208216,0.5967456,0.59748954,4.0572124,0.0025063362,0.0025083397,0.002504968,0.09014746,0.0,0.0,0.0,0.0,0.0,0.0002108022,0.01276309,0.042897105,0.0,0.0,0.0,0.0,0.0,0.0
2046026390,0.03795174,0.013085008,0.20731461,0.06186676,0.02587986,-0.37731552,-0.0017438829,-0.015009791,-0.035833478,0.046551704,0.0,0.0,0.0,0.0,0.0,0.2632127,0.2632383,0.5721022,0.59817433,0.5987654,4.0573144,0.0025062696,0.0025082265,0.0025049169,0.09014746,0.0,0.0,0.0,0.0,0.0,0.00012871769,0.011261139,0.035380527,0.0,0.0,0.0,0.0,0.0,0.0
2046227247,0.044109922,0.030023769,0.026939988,0.06693268,0.022399902,0.06324005,-0.00021529198,-0.015609361,-0.026522726,0.046551704,0.0,0.0,0.0,0.0,0.0,0.26332074,0.26336893,0.57215446,0.59854853,0.5990035,4.057399,0.0025062186,0.002508099,0.0025048763,0.09014746,0.0,0.0,0.0,0.0,0.0,0.0001329554,0.014679829,0.049852468,0.0,0.0,0.0,0.0,0.0,0.0
2046431822,-0.016216826,0.076224476,0.124232054,0.08419418,0.018644333,-0.012374878,0.020512238,-0.0118235275,-0.015694141,0.046551704,0.0,0.0,0.0,0.0,0.0,0.26328424,0.26335075,0.5721387,0.59820044,0.5985444,4.0577736,0.0025061793,0.0025080042,0.0025048102,0.09014746,0.0,0.0,0.0,0.0,0.0,0.00012938623,0.005322708,0.015760899,0.0,0.0,0.0,0.0,0.0,0.0
2046632030,0.0054755276,0.1401964,0.15579057,0.08031845,0.02892685,0.21051788,0.020512238,-0.0118235275,-0.015694141,-0.05940175,0.0,0.0,0.0,0.0,0.0,0.26331756,0.26339883,0.572153,0.598247,0.5984973,4.057558,0.0025061793,0.0025080042,0.0025048102,0.090105146,0.0,0.0,0.0,0.0,0.0,0.00017601985,0.0017567944,0.007240746,0.0,0.0,0.0,0.0,0.0,0.0
2046832925,-0.077887334,0.0370014,0.031069279,0.07347107,0.025969505,1.1773376,0.020512238,-0.0118235275,-0.015694141,-0.021564722,0.0,0.0,0.0,0.0,0.0,0.26337996,0.26349273,0.5721671,0.59833026,0.59848815,4.0577736,0.0025061793,0.0025080042,0.0025048102,0.0901056,0.0,0.0,0.0,0.0,0.0,0.00013111312,0.012202803,0.042197585,0.0,0.0,0.0,0.0,0.0,0.0
2047037661,-0.0763391,0.05410043,0.04170513,0.074222565,0.019910812,-1.2331467,0.020512238,-0.0118235275,-0.015694141,-0.021945,0.0,0.0,0.0,0.0,0.0,0.26340905,0.26355708,0.5721719,0.5982386,0.5983278,4.057536,0.0025061793,0.0025080042,0.0025048102,0.09010602,0.0,0.0,0.0,0.0,0.0,0.000107181884,0.0055340608,0.019491868,0.0,0.0,0.0,0.0,0.0,0.0
2047238495,-0.021597952,0.09767407,0.223014,0.06398773,0.02221489,0.06372452,0.020512238,-0.0118235275,-0.015694141,0.010311127,0.0,0.0,0.0,0.0,0.0,0.2634781,0.26366022,0.5721847,0.59831285,0.598352,4.0576277,0.0025061793,0.0025080042,0.0025048102,0.09010633,0.0,0.0,0.0,0.0,0.0,0.00016760362,0.009207368,0.031621464,0.0,0.0,0.0,0.0,0.0,0.0
2047439355,-0.052252475,0.02489157,0.15436769,0.07310867,0.023729324,0.12695694,0.020512238,-0.0118235275,-0.015694141,0.00030899048,0.0,0.0,0.0,0.0,0.0,0.26353046,0.26375693,0.5721991,0.5998845,0.59989136,4.05762,0.0025061793,0.0025080042,0.0025048102,0.09010668,0.0,0.0,0.0,0.0,0.0,0.00029051135,0.0043086773,0.012737153,0.0,0.0,0.0,0.0,0.0,0.0
2047640174,-0.086120784,-0.0038363822,0.06290114,0.061012268,0.012107849,-0.11436844,0.020512238,-0.0118235275,-0.015694141,-0.029516459,0.0,0.0,0.0,0.0,0.0,0.26358575,0.2638614,0.5722401,0.6001755,0.6001653,4.0575824,0.0025061793,0.0025080042,0.0025048102,0.09010696,0.0,0.0,0.0,0.0,0.0,0.00027192774,0.005460193,0.012403049,0.0,0.0,0.0,0.0,0.0,0.0
2047839998,-0.043249194,0.08985129,0.11813438,0.06105423,0.014743805,0.75774384,0.020512238,-0.0118235275,-0.015694141,0.053830385,0.0,0.0,0.0,0.0,0.0,0.26361215,0.26394078,0.5722471,0.60009646,0.60008407,4.0577006,0.0025061793,0.0025080042,0.0025048102,0.090107225,0.0,0.0,0.0,0.0,0.0,0.0001361597,0.009154329,0.029400239,0.0,0.0,0.0,0.0,0.0,0.0
2048044620,-0.0531463,0.16929626,0.17779517,0.066329956,0.022043228,-0.72789,0.020512238,-0.0118235275,-0.015694141,0.06902218,0.0,0.0,0.0,0.0,0.0,0.26364475,0.26401588,0.5722624,0.60020655,0.60020334,4.05749,0.0025061793,0.0025080042,0.0025048102,0.090106964,0.0,0.0,0.0,0.0,0.0,0.00056168827,0.010360043,0.034138065,0.0,0.0,0.0,0.0,0.0,0.0
2048245677,-0.074009724,0.106106445,0.05655837,0.06284714,0.032500267,-0.3739586,0.020512238,-0.0118235275,-0.015694141,0.050093412,0.0,0.0,0.0,0.0,0.0,0.26366115,0.26407737,0.5721951,0.60174274,0.6017587,4.057621,0.0025061793,0.0025080042,0.0025048102,0.0901078,0.0,0.0,0.0,0.0,0.0,0.00040826405,0.005510523,0.01432355,0.0,0.0,0.0,0.0,0.0,0.0
2048446411,-0.04463294,0.059926756,0.06544435,0.05901718,0.03267002,0.07336807,0.020512238,-0.0118235275,-0.015694141,0.10112691,0.0,0.0,0.0,0.0,0.0,0.26361737,0.2640921,0.5722592,0.6015045,0.6015462,4.057451,0.0025061793,0.0025080042,0.0025048102,0.090107985,0.0,0.0,0.0,0.0,0.0,0.00010758695,0.008085842,0.023676509,0.0,0.0,0.0,0.0,0.0,0.0
2048647025,-0.029116154,-0.057687417,0.09415984,0.0534935,0.0094537735,0.64656067,0.020512238,-0.0118235275,-0.015694141,0.10097432,0.0,0.0,0.0,0.0,0.0,0.26382762,0.26447824,0.57224745,0.60089695,0.60098577,4.0572934,0.0025061793,0.0025080042,0.0025048102,0.09010797,0.0,0.0,0.0,0.0,0.0,8.5936226e-05,0.0068911687,0.01107339,0.0,0.0,0.0,0.0,0.0,0.0
2048851326,-0.056308746,0.010324001,0.08715522,0.055007935,0.0019865036,0.13594818,0.020512238,-0.0118235275,-0.015694141,0.09476447,0.0,0.0,0.0,0.0,0.0,0.2638374,0.26471567,0.57220805,0.6005891,0.6007287,4.0577445,0.0025061793,0.0025080042,0.0025048102,0.09010792,0.0,0.0,0.0,0.0,0.0,0.00012108143,0.011974331,0.036754254,0.0,0.0,0.0,0.0,0.0,0.0
2049051882,-0.1614654,0.012264401,0.053961992,0.05028534,0.0033216476,0.7023468,0.020512238,-0.0118235275,-0.015694141,0.020631313,0.0,0.0,0.0,0.0,0.0,0.26375273,0.26472896,0.57216775,0.60177517,0.6019739,4.057674,0.0025061793,0.0025080042,0.0025048102,0.09010783,0.0,0.0,0.0,0.0,0.0,0.00025928163,0.022869822,0.07762651,0.0,0.0,0.0,0.0,0.0,0.0
2049253142,0.008307099,0.13539323,0.13966775,0.04534912,0.014862061,1.1696701,0.020512238,-0.0118235275,-0.015694141,0.022342443,0.0,0.0,0.0,0.0,0.0,0.26389205,0.26481345,0.5721994,0.6035552,0.60382575,4.0577297,0.0025061793,0.0025080042,0.0025048102,0.09010795,0.0,0.0,0.0,0.0,0.0,0.0002727507,0.025916101,0.086714685,0.0,0.0,0.0,0.0,0.0,0.0
2049453744,-0.00011521578,0.12285644,0.08335054,0.059574127,0.03065586,0.31324768,0.020512238,-0.0118235275,-0.015694141,-0.024878263,0.0,0.0,0.0,0.0,0.0,0.2639387,0.264629,0.5721939,0.6036498,0.60397077,4.05782,0.0025061793,0.0025080042,0.0025048102,0.09010787,0.0,0.0,0.0,0.0,0.0,0.00021717598,0.015765738,0.05393696,0.0,0.0,0.0,0.0,0.0,0.0
2049654378,0.021743834,0.16563538,0.16401637,0.07636261,0.032310486,-0.05940628,0.020512238,-0.0118235275,-0.015694141,0.004698992,0.0,0.0,0.0,0.0,0.0,0.26385427,0.26429674,0.5721837,0.6052332,0.6055787,4.0579047,0.0025061793,0.0025080042,0.0025048102,0.09010806,0.0,0.0,0.0,0.0,0.0,0.00032387537,0.0038682143,0.009134607,0.0,0.0,0.0,0.0,0.0,0.0
2049855283,0.10719347,0.010222971,0.24218738,0.110206604,0.02045536,0.2401619,0.020512238,-0.0118235275,-0.015694141,0.048974037,0.0,0.0,0.0,0.0,0.0,0.26368034,0.26393875,0.57214594,0.60645366,0.6067928,4.0579767,0.0025061793,0.0025080042,0.0025048102,0.0901082,0.0,0.0,0.0,0.0,0.0,0.000319926,0.00545105,0.014357984,0.0,0.0,0.0,0.0,0.0,0.0
2050059244,0.012386441,0.007339686,0.14187157,0.14905548,-0.0039892197,0.13048935,0.020512238,-0.0118235275,-0.015694141,0.038373947,0.0,0.0,0.0,0.0,0.0,0.2636347,0.26372933,0.57216436,0.60967,0.60995966,4.0580397,0.0025061793,0.0025080042,0.0025048102,0.09010864,0.0,0.0,0.0,0.0,0.0,0.000277407,0.00975339,0.028085858,0.0,0.0,0.0,0.0,0.0,0.0
2050260863,-0.025521815,-0.033354677,0.14479387,0.1673088,-0.014350891,-0.4225731,0.020512238,-0.0118235275,-0.015694141,-0.015240431,0.0,0.0,0.0,0.0,0.0,0.26368666,0.26376757,0.57217735,0.6112851,0.6115442,4.057806,0.0025061793,0.0025080042,0.0025048102,0.090109155,0.0,0.0,0.0,0.0,0.0,0.00023149759,0.009575304,0.02758724,0.0,0.0,0.0,0.0,0.0,0.0
2050464831,-0.033879757,-0.033727646,0.16013598,0.15172195,-0.015405655,0.695652,0.020512238,-0.0118235275,-0.015694141,-0.027392387,0.0,0.0,0.0,0.0,0.0,0.26372096,0.2638101,0.5721874,0.61142707,0.6116625,4.0578604,0.0025061793,0.0025080042,0.0025048102,0.09010931,0.0,0.0,0.0,0.0,0.0,0.00015630253,0.014375874,0.040989775,0.0,0.0,0.0,0.0,0.0,0.0
2050665380,-0.057763517,-0.051766913,0.05567932,0.13538742,-0.018276215,-0.0760231,0.020512238,-0.0118235275,-0.015694141,-0.021837234,0.0,0.0,0.0,0.0,0.0,0.26373088,0.26383778,0.57219493,0.6115103,0.61173046,4.0573635,0.0025061793,0.0025080042,0.0025048102,0.09010972,0.0,0.0,0.0,0.0,0.0,0.00018221882,0.014628273,0.04296246,0.0,0.0,0.0,0.0,0.0,0.0
2050866459,0.018282533,-0.024934739,0.044142008,0.13276672,-0.019473076,0.39675903,0.020512238,-0.0118235275,-0.015694141,-0.07548523,0.0,0.0,0.0,0.0,0.0,0.26376995,0.26390138,0.5721508,0.61179924,0.61201406,4.057592,0.0025061793,0.0025080042,0.0025048102,0.09011015,0.0,0.0,0.0,0.0,0.0,0.00021438114,0.018435404,0.058400147,0.0,0.0,0.0,0.0,0.0,0.0
2051067014,0.018282533,-0.024934739,0.044142008,0.13276672,-0.019473076,0.6382065,0.020512238,-0.0118235275,-0.015694141,-0.027201414,0.0,0.0,0.0,0.0,0.0,0.26376995,0.26390138,0.5721508,0.61179924,0.61201406,4.057679,0.0025061793,0.0025080042,0.0025048102,0.09011101,0.0,0.0,0.0,0.0,0.0,0.00010303804,0.016153513,0.053975113,0.0,0.0,0.0,0.0,0.0,0.0
2051267449,-0.06365287,-0.018668279,0.082172036,0.09327316,-0.007639885,0.32961655,0.020512238,-0.0118235275,-0.015694141,0.025456905,0.0,0.0,0.0,0.0,0.0,0.26375243,0.26393455,0.5721745,0.6089168,0.60913515,4.0574956,0.0025061793,0.0025080042,0.0025048102,0.09011154,0.0,0.0,0.0,0.0,0.0,0.000170596,0.013561761,0.042558923,0.0,0.0,0.0,0.0,0.0,0.0
2051472114,-0.036144197,-0.0023647249,0.09548795,0.07644272,0.007855415,0.095149994,0.020512238,-0.0118235275,-0.015694141,-0.04119301,0.0,0.0,0.0,0.0,0.0,0.26375568,0.2639589,0.57219064,0.60889846,0.60912323,4.0570636,0.0025061793,0.0025080042,0.0025048102,0.09011177,0.0,0.0,0.0,0.0,0.0,0.00016482637,0.0127800945,0.040505342,0.0,0.0,0.0,0.0,0.0,0.0
2051672664,-0.25235662,0.018020764,0.1170187,0.044403076,0.018725395,-0.27090073,0.020512238,-0.0118235275,-0.015694141,0.006529331,0.0,0.0,0.0,0.0,0.0,0.2637129,0.2639362,0.5722022,0.60874194,0.60897195,4.0570383,0.0025061793,0.0025080042,0.0025048102,0.09011217,0.0,0.0,0.0,0.0,0.0,0.00044476945,0.017318651,0.043204226,0.0,0.0,0.0,0.0,0.0,0.0
2051877631,-0.08175911,-0.024745107,-0.02565229,0.008201599,0.02541542,1.2320366,0.020512238,-0.0118235275,-0.015694141,-0.05207324,0.0,0.0,0.0,0.0,0.0,0.26372764,0.26401678,0.57220924,0.60730267,0.60754335,4.057144,0.0025061793,0.0025080042,0.0025048102,0.0901126,0.0,0.0,0.0,0.0,0.0,0.00092579797,0.018953992,0.050010458,0.0,0.0,0.0,0.0,0.0,0.0
2052078523,-0.052813947,-0.064723834,0.08404422,-0.016033173,0.025930405,0.64315796,0.020512238,-0.0118235275,-0.015694141,-0.04594326,0.0,0.0,0.0,0.0,0.0,0.2637839,0.2642252,0.57218826,0.60568106,0.60594034,4.0573807,0.0025061793,0.0025080042,0.0025048102,0.0901128,0.0,0.0,0.0,0.0,0.0,0.0010398919,0.014408385,0.034447238,0.0,0.0,0.0,0.0,0.0,0.0
2052278232,0.008507371,0.018850178,0.16168833,-0.04106903,0.016972542,-0.3715706,-7.8413635e-05,-0.024647385,-0.030878633,-0.04594326,0.0,0.0,0.0,0.0,0.0,0.26359928,0.26413992,0.5721723,0.60559666,0.60586834,4.0574493,0.002509941,0.0025117588,0.0025063164,0.0901128,0.0,0.0,0.0,0.0,0.0,0.0007743103,0.009260292,0.02961247,0.0,0.0,0.0,0.0,0.0,0.0
2052479261,-0.0070534945,0.048556685,0.02692604,-0.060768127,0.023805618,1.1119728,-0.018912725,0.003634356,0.02970177,-0.04594326,0.0,0.0,0.0,0.0,0.0,0.26354557,0.2640918,0.5721794,0.604001,0.60428596,4.0574756,0.002509288,0.0025111104,0.0025063881,0.0901128,0.0,0.0,0.0,0.0,0.0,0.0005383323,0.0068478603,0.024749646,0.0,0.0,0.0,0.0,0.0,0.0
2052684130,0.06153834,0.04976374,0.0550524,-0.06926346,0.02246666,-0.048301697,-0.010454118,0.0057116896,0.03582579,-0.04594326,0.0,0.0,0.0,0.0,0.0,0.2636459,0.26406595,0.5722142,0.6042651,0.6045596,4.0583463,0.0025085318,0.0025106892,0.0025067509,0.0901128,0.0,0.0,0.0,0.0,0.0,0.00022758883,0.008411479,0.024192376,0.0,0.0,0.0,0.0,0.0,0.0
2052884808,-0.019447505,0.016712487,0.01259017,-0.028461456,0.02071762,0.069698334,0.020737737,0.0050323606,-0.009059519,-0.04594326,0.0,0.0,0.0,0.0,0.0,0.26355082,0.26378146,0.5722357,0.6052757,0.60555387,4.058036,0.0025076799,0.0025103707,0.0025072866,0.0901128,0.0,0.0,0.0,0.0,0.0,0.0002853803,0.0044188714,0.016330775,0.0,0.0,0.0,0.0,0.0,0.0
2053085635,-0.013498306,-0.08221404,0.090688705,0.012462616,-0.0041561127,0.38383102,-0.008642286,0.004993744,0.030703574,-0.04594326,0.0,0.0,0.0,0.0,0.0,0.26335317,0.2634628,0.57216316,0.60633934,0.6065868,4.057762,0.0025072512,0.0025100773,0.002507361,0.0901128,0.0,0.0,0.0,0.0,0.0,0.00083337,0.009985327,0.03049654,0.0,0.0,0.0,0.0,0.0,0.0
2053286253,0.072858095,-0.0771448,0.013382316,0.04557419,-0.021312714,-0.103450775,0.004209429,-0.007726781,-0.016683131,-0.04594326,0.0,0.0,0.0,0.0,0.0,0.26326302,0.26335722,0.57216746,0.6079808,0.60819775,4.0578685,0.0025074107,0.0025097982,0.0025068433,0.0901128,0.0,0.0,0.0,0.0,0.0,0.0006543801,0.020865442,0.06453496,0.0,0.0,0.0,0.0,0.0,0.0
2053490219,-0.0151331425,-0.060029626,-0.0006787777,0.059085846,-0.04199505,-0.81101227,-0.018786117,-0.0024277642,0.03209451,-0.04594326,0.0,0.0,0.0,0.0,0.0,0.26311922,0.26326725,0.5721066,0.6102187,0.6104047,4.0576067,0.0025076612,0.0025095432,0.0025063227,0.0901128,0.0,0.0,0.0,0.0,0.0,0.0007609744,0.017412608,0.05366392,0.0,0.0,0.0,0.0,0.0,0.0
2053691018,-0.065920055,-0.11334777,-0.02064979,0.08259964,-0.059527397,-0.5343895,-0.015394777,0.010897346,0.0013656318,-0.04594326,0.0,0.0,0.0,0.0,0.0,0.26329333,0.26350245,0.572186,0.61245507,0.6126284,4.057853,0.0025078002,0.0025093197,0.0025058978,0.0901128,0.0,0.0,0.0,0.0,0.0,0.0011750946,0.021546671,0.06850361,0.0,0.0,0.0,0.0,0.0,0.0
2053892037,-0.04275328,-0.022130191,0.06749523,0.082416534,-0.064014435,0.3372345,-0.012663081,-0.0016801134,0.046308547,-0.04594326,0.0,0.0,0.0,0.0,0.0,0.2632087,0.263429,0.5722053,0.6132975,0.6134632,4.0583405,0.002507772,0.0025091213,0.0025056708,0.0901128,0.0,0.0,0.0,0.0,0.0,0.0013178242,0.013009812,0.046785112,0.0,0.0,0.0,0.0,0.0,0.0
2054100833,0.016027689,-0.11408366,-0.053474426,0.095394135,-0.07673931,-0.060855865,-0.008110985,0.008600354,0.028100431,-0.04594326,0.0,0.0,0.0,0.0,0.0,0.2633353,0.2635504,0.5721901,0.6141186,0.61429656,4.0579934,0.0025076692,0.0025089423,0.0025055103,0.0901128,0.0,0.0,0.0,0.0,0.0,0.00095333613,0.0097251,0.024187755,0.0,0.0,0.0,0.0,0.0,0.0
2054301411,-0.120215654,-0.016278028,-0.08099997,0.05858612,-0.08410454,-0.19750214,-0.014472112,0.013748936,0.041691303,-0.04594326,0.0,0.0,0.0,0.0,0.0,0.2632176,0.263413,0.5722124,0.6134643,0.6136488,4.057964,0.0025075178,0.0025087462,0.0025054049,0.0901128,0.0,0.0,0.0,0.0,0.0,0.00075727317,0.007795261,0.023653284,0.0,0.0,0.0,0.0,0.0,0.0
2054506402,0.04297024,0.0045059025,-0.072236896,0.061080933,-0.076701164,-1.7136383,-0.0038143247,-0.0029607788,-0.005412966,-0.04594326,0.0,0.0,0.0,0.0,0.0,0.26330507,0.2634886,0.5722509,0.61243427,0.6126377,4.057956,0.0025073728,0.0025085954,0.002505313,0.0901128,0.0,0.0,0.0,0.0,0.0,0.0004903286,0.0094407145,0.027519155,0.0,0.0,0.0,0.0,0.0,0.0
2054707282,-0.13309011,0.023910448,-0.044368505,0.048538208,-0.06855011,0.5272865,-0.008033805,-0.0051227733,0.0059742033,-0.04594326,0.0,0.0,0.0,0.0,0.0,0.263435,0.26359072,0.5722385,0.6115151,0.61174124,4.0580583,0.0025073097,0.0025084838,0.0025051106,0.0901128,0.0,0.0,0.0,0.0,0.0,0.00043140035,0.011161614,0.03239586,0.0,0.0,0.0,0.0,0.0,0.0
2054907020,-0.025333121,-0.15233359,-0.120388746,0.016361237,-0.07277393,-0.24724007,-0.006437108,-0.010711707,0.00023680925,-0.04594326,0.0,0.0,0.0,0.0,0.0,0.26344296,0.26355964,0.5722837,0.60962963,0.6098625,4.058031,0.0025073597,0.0025083064,0.002504905,0.0901128,0.0,0.0,0.0,0.0,0.0,0.0004314125,0.015582857,0.04093914,0.0,0.0,0.0,0.0,0.0,0.0
2055112030,0.00022253394,-0.045998476,-0.12189138,-0.0070762634,-0.069171906,0.3235817,-0.014869526,-0.008385487,0.0056762993,-0.04594326,0.0,0.0,0.0,0.0,0.0,0.2635739,0.26365384,0.57219076,0.6081772,0.60841113,4.057737,0.002507234,0.0025081271,0.0025048654,0.0901128,0.0,0.0,0.0,0.0,0.0,0.0006741129,0.009026362,0.021843795,0.0,0.0,0.0,0.0,0.0,0.0
2055312820,-0.008920729,-0.17190263,-0.108106196,-0.0056991577,-0.0854702,1.7263298,-0.020511106,0.016651943,0.03134349,-0.04594326,0.0,0.0,0.0,0.0,0.0,0.26363236,0.26370335,0.57220304,0.60671616,0.60694504,4.0577555,0.0025067148,0.0025080622,0.002505074,0.0901128,0.0,0.0,0.0,0.0,0.0,0.001322216,0.01228542,0.023249308,0.0,0.0,0.0,0.0,0.0,0.0
2055513717,-0.005460322,-0.10574704,-0.20146003,-0.0015525818,-0.096346855,-0.10669708,-0.012886494,0.008824401,0.019716322,-0.04594326,0.0,0.0,0.0,0.0,0.0,0.26374462,0.26382372,0.57221764,0.60819924,0.60842687,4.0574937,0.002506152,0.0025081302,0.0025052929,0.0901128,0.0,0.0,0.0,0.0,0.0,0.0007642644,0.012819795,0.027092999,0.0,0.0,0.0,0.0,0.0,0.0
2055718655,0.16900072,-0.061719228,0.047499508,0.008102417,-0.09310436,0.37918472,0.0029485077,0.022051018,0.035033286,-0.04594326,0.0,0.0,0.0,0.0,0.0,0.26372516,0.26383814,0.5722304,0.6067505,0.606984,4.0578284,0.0025059371,0.0025081667,0.0025051942,0.0901128,0.0,0.0,0.0,0.0,0.0,0.0004028746,0.01936706,0.05557382,0.0,0.0,0.0,0.0,0.0,0.0
2055918415,0.01765,0.02276656,-0.013887197,0.029621124,-0.083132744,-0.47109795,0.009798735,-0.011967022,-0.0033279657,-0.04594326,0.0,0.0,0.0,0.0,0.0,0.26368502,0.26383877,0.5722419,0.60675764,0.60700125,4.057845,0.0025059425,0.0025081711,0.0025049462,0.0901128,0.0,0.0,0.0,0.0,0.0,0.00025062767,0.010096339,0.03390069,0.0,0.0,0.0,0.0,0.0,0.0
2056122886,0.097848214,-0.14146389,-0.050494492,0.034183502,-0.08034706,-0.20135498,-0.010727927,-0.021852963,-0.002571851,-0.04594326,0.0,0.0,0.0,0.0,0.0,0.26363602,0.26380518,0.5722541,0.60524285,0.60550094,4.0578732,0.0025060868,0.002508147,0.0025046163,0.0901128,0.0,0.0,0.0,0.0,0.0,0.0004577701,0.012013224,0.037148397,0.0,0.0,0.0,0.0,0.0,0.0
2056324002,0.07422042,0.058600813,-0.088660896,0.00894928,-0.06853676,-0.17683792,-0.005653821,-0.016820889,0.010228813,-0.04594326,0.0,0.0,0.0,0.0,0.0,0.26359895,0.26373723,0.5723119,0.60487896,0.6051435,4.0578575,0.0025061672,0.00250808,0.002504424,0.0901128,0.0,0.0,0.0,0.0,0.0,0.00076906884,0.0028846145,0.008020617,0.0,0.0,0.0,0.0,0.0,0.0
2056524883,-0.035022736,-0.033132665,0.0064202547,-0.018470764,-0.058246613,0.33832932,-0.0040596873,0.002456974,0.030582339,-0.04594326,0.0,0.0,0.0,0.0,0.0,0.26367766,0.26376694,0.572341,0.6050916,0.6053597,4.058014,0.0025061618,0.0025079884,0.002504312,0.0901128,0.0,0.0,0.0,0.0,0.0,0.00046102054,0.0075628096,0.024515219,0.0,0.0,0.0,0.0,0.0,0.0
2056725423,-0.08490151,-0.053782754,-0.09328848,-0.014064789,-0.05363846,0.082042694,-0.007957369,-0.0042436393,0.01717025,-0.04594326,0.0,0.0,0.0,0.0,0.0,0.26368678,0.26374838,0.5722578,0.6080539,0.6083145,4.0577374,0.0025060857,0.0025078598,0.0025042468,0.0901128,0.0,0.0,0.0,0.0,0.0,0.00020513308,0.007948465,0.026157156,0.0,0.0,0.0,0.0,0.0,0.0
2056926520,0.002673149,0.07840757,-0.028189156,-0.0053215027,-0.04754448,1.349453,0.0073503554,-0.007855394,-0.01806736,-0.04594326,0.0,0.0,0.0,0.0,0.0,0.26368102,0.26373613,0.57226574,0.6140068,0.6142549,4.0577703,0.0025059632,0.0025077327,0.0025042258,0.0901128,0.0,0.0,0.0,0.0,0.0,0.00059222215,0.010451213,0.031800885,0.0,0.0,0.0,0.0,0.0,0.0
2057126654,-0.0522964,0.057899714,-0.10559948,-0.009391785,-0.041656494,-0.43096733,-0.00025203824,-0.009680524,-0.0024978518,-0.04594326,0.0,0.0,0.0,0.0,0.0,0.2636918,0.2637472,0.57227504,0.6185417,0.6187725,4.057797,0.0025058284,0.0025076093,0.002504223,0.0901128,0.0,0.0,0.0,0.0,0.0,0.00025582412,0.0067070397,0.015714096,0.0,0.0,0.0,0.0,0.0,0.0
2057327015,0.050146103,0.05147007,-0.022855524,-0.0074882507,-0.022779465,0.11483765,0.009610578,-0.017350383,-0.039385974,-0.04594326,0.0,0.0,0.0,0.0,0.0,0.26370096,0.26374942,0.57228655,0.62166846,0.62188435,4.0578303,0.0025057043,0.0025074973,0.002504224,0.0901128,0.0,0.0,0.0,0.0,0.0,0.00050890655,0.012889853,0.034883652,0.0,0.0,0.0,0.0,0.0,0.0
2057528170,0.091659546,-0.0073564053,-0.10278484,-0.023822784,-0.026717186,-0.26117325,-0.009526029,0.008278611,0.029744208,-0.04594326,0.0,0.0,0.0,0.0,0.0,0.26369596,0.26373366,0.57229495,0.6218277,0.6220284,4.057817,0.002505614,0.0025073944,0.0025042049,0.0901128,0.0,0.0,0.0,0.0,0.0,0.0003279677,0.01712339,0.052999306,0.0,0.0,0.0,0.0,0.0,0.0
2057732900,-0.004834652,0.077617116,-0.1719095,-0.04071808,-0.0023107529,0.24789047,0.008422583,-0.023478799,-0.009579986,-0.04594326,0.0,0.0,0.0,0.0,0.0,0.2637051,0.26373082,0.5723882,0.6219648,0.62215334,4.058129,0.0025055187,0.0025073,0.0025041879,0.0901128,0.0,0.0,0.0,0.0,0.0,0.0003707822,0.011752105,0.032669924,0.0,0.0,0.0,0.0,0.0,0.0
2057933633,0.01759386,0.07607656,-0.08507241,-0.055927277,0.002863884,0.14181328,0.0053824484,0.010021999,0.02575916,-0.04594326,0.0,0.0,0.0,0.0,0.0,0.26370612,0.26371905,0.57238525,0.6219106,0.6220867,4.057991,0.002505442,0.0025072237,0.0025041697,0.0901128,0.0,0.0,0.0,0.0,0.0,0.00034434354,0.008399514,0.020805776,0.0,0.0,0.0,0.0,0.0,0.0
2058134224,-0.0039298534,0.08309163,0.012971148,-0.07806015,0.020344734,-0.16548347,0.0012307018,0.0023687426,0.018623978,-0.04594326,0.0,0.0,0.0,0.0,0.0,0.26368493,0.26368773,0.5723895,0.6220352,0.622201,4.058005,0.0025053958,0.0025071446,0.0025041264,0.0901128,0.0,0.0,0.0,0.0,0.0,0.00039424616,0.014715936,0.041911382,0.0,0.0,0.0,0.0,0.0,0.0
2058338502,0.024782896,0.10000856,-0.019989073,-0.08042526,0.02697277,-0.038885117,0.0052155703,-0.011653415,-0.030793369,-0.04594326,0.0,0.0,0.0,0.0,0.0,0.2636141,0.26360995,0.57239336,0.6235921,0.62375003,4.0580664,0.0025054172,0.002507066,0.0025040093,0.0901128,0.0,0.0,0.0,0.0,0.0,0.00040076574,0.011287115,0.027611258,0.0,0.0,0.0,0.0,0.0,0.0
2058539028,0.01914978,0.026700523,-0.02827342,-0.07110596,0.03157997,-0.41467094,0.0048279464,0.013281263,0.013070017,-0.04594326,0.0,0.0,0.0,0.0,0.0,0.26360503,0.26359746,0.5723148,0.6236936,0.6238434,4.0578113,0.0025053665,0.0025069977,0.0025039765,0.0901128,0.0,0.0,0.0,0.0,0.0,0.00032880635,0.007957057,0.021304712,0.0,0.0,0.0,0.0,0.0,0.0
2058744217,0.090204716,0.097933605,-0.034464754,-0.055656433,0.03495407,0.14245033,0.013931453,-0.0037076958,-0.014138162,-0.04594326,0.0,0.0,0.0,0.0,0.0,0.2635514,0.26354355,0.5722928,0.6249274,0.62506896,4.057848,0.0025053062,0.0025069385,0.002503948,0.0901128,0.0,0.0,0.0,0.0,0.0,0.00038361578,0.008415295,0.01999063,0.0,0.0,0.0,0.0,0.0,0.0
2058944863,0.032829523,0.050009973,0.03946923,-0.021080017,0.03409767,0.09676552,0.0075616688,-0.009309902,-0.010509878,-0.04594326,0.0,0.0,0.0,0.0,0.0,0.26343706,0.26343265,0.57231927,0.6258605,0.6259948,4.0581913,0.0025052745,0.0025068878,0.0025039085,0.0901128,0.0,0.0,0.0,0.0,0.0,0.00043358773,0.006737727,0.016105177,0.0,0.0,0.0,0.0,0.0,0.0
2059145696,0.058478117,-0.034542598,-0.030574083,-0.04523468,0.011937141,-0.43054008,-0.010203928,-0.013109596,0.018515646,-0.04594326,0.0,0.0,0.0,0.0,0.0,0.26357186,0.26357487,0.5723895,0.62977004,0.62990373,4.0581946,0.0025052258,0.0025068277,0.002503876,0.0901128,0.0,0.0,0.0,0.0,0.0,0.0005184873,0.005665799,0.018269518,0.0,0.0,0.0,0.0,0.0,0.0
2059350472,0.043055296,-0.0013407096,0.07218035,-0.03894043,0.003370285,0.50429535,0.00474301,0.007590016,0.026260167,-0.04594326,0.0,0.0,0.0,0.0,0.0,0.26357293,0.26358747,0.57238954,0.6328864,0.63301796,4.0582156,0.0025051886,0.0025067772,0.0025038393,0.0901128,0.0,0.0,0.0,0.0,0.0,0.00046859658,0.0018952054,0.00837457,0.0,0.0,0.0,0.0,0.0,0.0
2059555219,0.041762352,-0.048147663,-0.016799666,-0.051540375,-0.01031971,-0.114551544,0.011885762,-0.0052861096,0.0049250424,-0.04594326,0.0,0.0,0.0,0.0,0.0,0.26363188,0.2636608,0.57242763,0.6364553,0.6365884,4.058228,0.0025051616,0.0025067448,0.002503806,0.0901128,0.0,0.0,0.0,0.0,0.0,0.00027801166,0.0038554594,0.011204112,0.0,0.0,0.0,0.0,0.0,0.0
2059755170,0.1322751,0.059690565,0.061164826,-0.012016296,-0.008957863,-0.29267502,0.0060326904,-0.0022632591,-0.0062796474,-0.04594326,0.0,0.0,0.0,0.0,0.0,0.2635615,0.26361078,0.5723922,0.63920635,0.63934207,4.05824,0.0025051103,0.0025067008,0.002503784,0.0901128,0.0,0.0,0.0,0.0,0.0,0.000106847736,0.0029466553,0.0065567084,0.0,0.0,0.0,0.0,0.0,0.0
2059955811,0.08028245,0.007603571,-0.034014862,0.0020484924,-0.02073288,-0.90932846,0.015201867,-0.01842979,-0.03045854,-0.04594326,0.0,0.0,0.0,0.0,0.0,0.26357335,0.2636461,0.57239246,0.6424298,0.6425702,4.058234,0.0025050961,0.002506677,0.0025037434,0.0901128,0.0,0.0,0.0,0.0,0.0,0.00017125711,0.0050491523,0.010636287,0.0,0.0,0.0,0.0,0.0,0.0
2060156887,0.06594348,0.009796616,-0.058776382,-0.011386871,-0.015964508,0.4618492,-0.016396329,0.011056628,0.019306272,-0.04594326,0.0,0.0,0.0,0.0,0.0,0.26353648,0.26362988,0.5723864,0.6424395,0.6425878,4.0583916,0.0025050696,0.0025066514,0.0025037124,0.0901128,0.0,0.0,0.0,0.0,0.0,0.00035035677,0.0060577327,0.011935704,0.0,0.0,0.0,0.0,0.0,0.0
2060361612,0.038755655,0.05739039,0.07069856,-0.014030457,-0.026575089,0.016202927,-0.014305621,0.02802166,0.01640749,-0.04594326,0.0,0.0,0.0,0.0,0.0,0.2635478,0.26366857,0.5723862,0.6426193,0.64277935,4.0583873,0.0025050326,0.002506634,0.002503697,0.0901128,0.0,0.0,0.0,0.0,0.0,0.0002414223,0.0039954307,0.008489858,0.0,0.0,0.0,0.0,0.0,0.0
2060562423,0.12688398,-0.07266082,0.0016246065,0.002773285,-0.038290024,-0.3663864,0.0036326349,0.0015124469,0.030740917,-0.04594326,0.0,0.0,0.0,0.0,0.0,0.2635938,0.26375604,0.5724065,0.64447284,0.6446498,4.058501,0.002504993,0.0025066081,0.0025036728,0.0901128,0.0,0.0,0.0,0.0,0.0,0.00016123049,0.008674659,0.023975462,0.0,0.0,0.0,0.0,0.0,0.0
2060762502,0.04733181,-0.021062255,-0.09229323,0.04442978,-0.046254158,-0.77874947,0.013984889,-0.028522741,-0.014459461,-0.051620007,0.0,0.0,0.0,0.0,0.0,0.2634674,0.26367274,0.57241696,0.6438541,0.64404494,4.0586314,0.0025049548,0.0025065723,0.0025036465,0.09014219,0.0,0.0,0.0,0.0,0.0,0.000507159,0.0054027075,0.016132416,0.0,0.0,0.0,0.0,0.0,0.0
2060967184,0.02432108,0.07218686,-0.03538987,0.00983429,-0.042398453,0.7060013,0.013984889,-0.028522741,-0.014459461,-0.03849101,0.0,0.0,0.0,0.0,0.0,0.26357594,0.26380274,0.57238746,0.6446207,0.64482605,4.0582952,0.0025049548,0.0025065723,0.0025036465,0.09014215,0.0,0.0,0.0,0.0,0.0,0.0005145314,0.006791442,0.024745408,0.0,0.0,0.0,0.0,0.0,0.0
2061168163,0.07959056,-0.018539965,-0.02421701,-0.007862091,-0.038553238,-0.0046844482,0.013984889,-0.028522741,-0.014459461,0.02590394,0.0,0.0,0.0,0.0,0.0,0.26363754,0.26387805,0.57241744,0.6451255,0.6453419,4.0585737,0.0025049548,0.0025065723,0.0025036465,0.090142116,0.0,0.0,0.0,0.0,0.0,0.0002242807,0.00804597,0.027068593,0.0,0.0,0.0,0.0,0.0,0.0
2061368843,0.08861065,-0.020091208,0.014481615,0.008354187,-0.041443825,-0.20137405,0.013984889,-0.028522741,-0.014459461,0.043149948,0.0,0.0,0.0,0.0,0.0,0.263565,0.26380184,0.5723786,0.64637,0.6465892,4.0585585,0.0025049548,0.0025065723,0.0025036465,0.09014216,0.0,0.0,0.0,0.0,0.0,0.00019023594,0.0044393972,0.010133307,0.0,0.0,0.0,0.0,0.0,0.0
2061569645,0.09439325,0.066262476,-0.0125622,0.008243561,-0.030890465,-0.36956978,0.013984889,-0.028522741,-0.014459461,-0.015977144,0.0,0.0,0.0,0.0,0.0,0.26356685,0.2637953,0.5723744,0.6464973,0.6467223,4.0582547,0.0025049548,0.0025065723,0.0025036465,0.090142116,0.0,0.0,0.0,0.0,0.0,0.00023632677,0.004339856,0.010392,0.0,0.0,0.0,0.0,0.0,0.0
2061770454,0.025610209,-0.051301464,-0.041322242,0.0025024414,-0.040400505,0.2721672,0.013984889,-0.028522741,-0.014459461,0.046926975,0.0,0.0,0.0,0.0,0.0,0.26359382,0.26381388,0.5723744,0.64812934,0.6483586,4.058266,0.0025049548,0.0025065723,0.0025036465,0.09014192,0.0,0.0,0.0,0.0,0.0,0.000621115,0.0051652635,0.012329747,0.0,0.0,0.0,0.0,0.0,0.0
2061974268,0.02116251,0.0034843646,-0.050661422,0.010681152,-0.032048225,0.015195847,0.013984889,-0.028522741,-0.014459461,0.02101016,0.0,0.0,0.0,0.0,0.0,0.26366425,0.26388422,0.5723715,0.6497371,0.64997,4.058268,0.0025049548,0.0025065723,0.0025036465,0.09014185,0.0,0.0,0.0,0.0,0.0,0.00045797226,0.004265216,0.01160015,0.0,0.0,0.0,0.0,0.0,0.0
2062175030,0.07925105,-0.027503237,0.035391934,0.035625458,-0.041988373,-0.94015694,0.013984889,-0.028522741,-0.014459461,-0.009244204,0.0,0.0,0.0,0.0,0.0,0.2636652,0.26389298,0.5723387,0.6495086,0.6497426,4.058039,0.0025049548,0.0025065723,0.0025036465,0.09014181,0.0,0.0,0.0,0.0,0.0,0.00034500586,0.008469002,0.024609711,0.0,0.0,0.0,0.0,0.0,0.0
2062375828,0.07439542,-0.034840308,0.066376925,0.047260284,-0.05111122,-0.14692688,0.013984889,-0.028522741,-0.014459461,-0.09559536,0.0,0.0,0.0,0.0,0.0,0.2636968,0.26393804,0.57234395,0.6511952,0.6514358,4.0580454,0.0025049548,0.0025065723,0.0025036465,0.09014206,0.0,0.0,0.0,0.0,0.0,0.00050770235,0.011913516,0.03871316,0.0,0.0,0.0,0.0,0.0,0.0
2062576894,0.09181452,-0.0042477995,0.011620745,0.03226471,-0.051018715,0.9578705,0.013984889,-0.028522741,-0.014459461,0.00944829,0.0,0.0,0.0,0.0,0.0,0.26377112,0.264019,0.5723818,0.6532422,0.65349305,4.058075,0.0025049548,0.0025065723,0.0025036465,0.09014224,0.0,0.0,0.0,0.0,0.0,0.0002979202,0.0040979995,0.01048762,0.0,0.0,0.0,0.0,0.0,0.0
2062777461,-0.022043467,0.011304647,0.028883636,0.03904724,-0.05327797,-0.15142632,0.013984889,-0.028522741,-0.014459461,0.08551693,0.0,0.0,0.0,0.0,0.0,0.2637398,0.26397914,0.5723785,0.6531692,0.6534236,4.058259,0.0025049548,0.0025065723,0.0025036465,0.09014236,0.0,0.0,0.0,0.0,0.0,0.0003962405,0.0046960213,0.013523344,0.0,0.0,0.0,0.0,0.0,0.0
2062978458,0.09911132,-0.1145044,-0.059253655,0.046482086,-0.07782841,-0.029230118,0.013984889,-0.028522741,-0.014459461,0.054969788,0.0,0.0,0.0,0.0,0.0,0.26376882,0.26399046,0.5723793,0.6547811,0.65503794,4.0582957,0.0025049548,0.0025065723,0.0025036465,0.09014218,0.0,0.0,0.0,0.0,0.0,0.00028351916,0.006327145,0.013652359,0.0,0.0,0.0,0.0,0.0,0.0
2063182451,0.09618974,-0.028185517,0.061367657,0.04563141,-0.06679726,0.39819336,0.013984889,-0.028522741,-0.014459461,0.004262209,0.0,0.0,0.0,0.0,0.0,0.26379108,0.2639947,0.5723821,0.65490484,0.6551616,4.0580363,0.0025049548,0.0025065723,0.0025036465,0.09014191,0.0,0.0,0.0,0.0,0.0,0.00028819824,0.0074585015,0.018698964,0.0,0.0,0.0,0.0,0.0,0.0
2063383331,-0.045214415,-0.061921746,-0.07923476,0.048965454,-0.08021355,-0.93348503,0.013984889,-0.028522741,-0.014459461,-0.0070154667,0.0,0.0,0.0,0.0,0.0,0.26378328,0.26397595,0.5723534,0.65618885,0.65644073,4.058062,0.0025049548,0.0025065723,0.0025036465,0.09014174,0.0,0.0,0.0,0.0,0.0,0.00024881255,0.005494188,0.011017938,0.0,0.0,0.0,0.0,0.0,0.0
2063584118,0.09174061,0.014417231,0.040848996,0.045066833,-0.07067394,-0.7438736,0.013984889,-0.028522741,-0.014459461,-0.039124966,0.0,0.0,0.0,0.0,0.0,0.2639141,0.26411653,0.57238543,0.6565365,0.6567898,4.057966,0.0025049548,0.0025065723,0.0025036465,0.0901416,0.0,0.0,0.0,0.0,0.0,0.0001990414,0.004603586,0.013650441,0.0,0.0,0.0,0.0,0.0,0.0
2063785000,0.012085199,-0.015123084,0.0520465,0.061447144,-0.07392597,-0.58938026,0.013984889,-0.028522741,-0.014459461,0.04228878,0.0,0.0,0.0,0.0,0.0,0.26387775,0.2640792,0.5723576,0.6578388,0.65808886,4.0580373,0.0025049548,0.0025065723,0.0025036465,0.090141654,0.0,0.0,0.0,0.0,0.0,0.00034018065,0.0019119689,0.0051011476,0.0,0.0,0.0,0.0,0.0,0.0
2063985690,0.048183918,-0.034952357,-0.028069481,0.057495117,-0.08856487,-0.043527603,0.013984889,-0.028522741,-0.014459461,-0.024536133,0.0,0.0,0.0,0.0,0.0,0.26394027,0.2641392,0.572365,0.658014,0.6582653,4.057856,0.0025049548,0.0025065723,0.0025036465,0.09014159,0.0,0.0,0.0,0.0,0.0,0.00057968585,0.0026052587,0.0067713098,0.0,0.0,0.0,0.0,0.0,0.0
2064186469,-0.023826838,-0.032956596,-0.075315624,0.065143585,-0.09316063,-0.17533875,0.013984889,-0.028522741,-0.014459461,-0.025893688,0.0,0.0,0.0,0.0,0.0,0.26398543,0.26418328,0.57237434,0.65817094,0.65842384,4.0576563,0.0025049548,0.0025065723,0.0025036465,0.09014156,0.0,0.0,0.0,0.0,0.0,0.0005761328,0.007753353,0.024023328,0.0,0.0,0.0,0.0,0.0,0.0
2064386468,-0.1010108,0.13071665,0.020522393,0.04383087,-0.08028126,-0.087646484,0.013984889,-0.028522741,-0.014459461,-0.015148401,0.0,0.0,0.0,0.0,0.0,0.2640774,0.26426536,0.57233506,0.6601818,0.6604382,4.057743,0.0025049548,0.0025065723,0.0025036465,0.09014158,0.0,0.0,0.0,0.0,0.0,0.00025141842,0.0065066023,0.009791293,0.0,0.0,0.0,0.0,0.0,0.0
2064587200,0.052635908,-0.07599087,0.07276253,0.11299896,-0.09671402,0.5863266,0.013984889,-0.028522741,-0.014459461,-0.04919815,0.0,0.0,0.0,0.0,0.0,0.26389676,0.26406887,0.5723285,0.6622672,0.6625111,4.0575347,0.0025049548,0.0025065723,0.0025036465,0.09014165,0.0,0.0,0.0,0.0,0.0,0.00012682556,0.0019465316,0.0047018696,0.0,0.0,0.0,0.0,0.0,0.0
2064787985,-0.048980236,0.04888968,0.0071726423,0.05670166,-0.095173836,0.25400543,0.013984889,-0.028522741,-0.014459461,-0.036165714,0.0,0.0,0.0,0.0,0.0,0.26408097,0.2642367,0.57235485,0.666522,0.6667721,4.057508,0.0025049548,0.0025065723,0.0025036465,0.09014184,0.0,0.0,0.0,0.0,0.0,0.00012710552,0.008687326,0.026213916,0.0,0.0,0.0,0.0,0.0,0.0
2064988929,-0.0044004917,0.00885468,0.062030666,0.041252136,-0.10559082,-0.17865372,0.013984889,-0.028522741,-0.014459461,-0.070281506,0.0,0.0,0.0,0.0,0.0,0.264107,0.2642506,0.57236665,0.6666718,0.666916,4.0579023,0.0025049548,0.0025065723,0.0025036465,0.09014191,0.0,0.0,0.0,0.0,0.0,0.00020812072,0.0044442806,0.012636749,0.0,0.0,0.0,0.0,0.0,0.0
2065189819,-0.014576435,-0.045597523,0.061882567,0.043548584,-0.1099329,-0.06291008,0.013984889,-0.028522741,-0.014459461,-0.06842375,0.0,0.0,0.0,0.0,0.0,0.26409206,0.26421723,0.5723675,0.66661865,0.6668532,4.057839,0.0025049548,0.0025065723,0.0025036465,0.09014197,0.0,0.0,0.0,0.0,0.0,0.00034106622,0.0042005354,0.011046971,0.0,0.0,0.0,0.0,0.0,0.0
2065390232,0.028859615,-0.0057598576,-0.08609632,0.0058670044,-0.10635948,-0.2555542,0.013984889,-0.028522741,-0.014459461,-0.02421546,0.0,0.0,0.0,0.0,0.0,0.26415592,0.26426488,0.5724059,0.6686367,0.6688643,4.0576973,0.0025049548,0.0025065723,0.0025036465,0.09014193,0.0,0.0,0.0,0.0,0.0,0.0003087347,0.0052790563,0.0150313135,0.0,0.0,0.0,0.0,0.0,0.0
2065594447,-0.051763296,0.04594315,-0.20125197,-0.0070610046,-0.092131615,0.93870926,0.013984889,-0.028522741,-0.014459461,0.030103683,0.0,0.0,0.0,0.0,0.0,0.2641603,0.26425278,0.57241464,0.668732,0.6689476,4.0577955,0.0025049548,0.0025065723,0.0025036465,0.09014194,0.0,0.0,0.0,0.0,0.0,0.0004684098,0.004850501,0.0112977335,0.0,0.0,0.0,0.0,0.0,0.0
2065795030,0.0168252,-0.033670753,0.012587392,0.003982544,-0.09362316,-0.4566288,0.013984889,-0.028522741,-0.014459461,-0.109939575,0.0,0.0,0.0,0.0,0.0,0.26410934,0.26419017,0.5723883,0.666893,0.66709346,4.0575924,0.0025049548,0.0025065723,0.0025036465,0.09014187,0.0,0.0,0.0,0.0,0.0,0.0004874585,0.012067888,0.03850946,0.0,0.0,0.0,0.0,0.0,0.0
2065996061,0.01898408,0.06408989,-0.06359881,-0.0065727234,-0.08131409,-0.43133354,0.013984889,-0.028522741,-0.014459461,-0.041778088,0.0,0.0,0.0,0.0,0.0,0.26414564,0.26421386,0.57239926,0.66699225,0.66717935,4.0576997,0.0025049548,0.0025065723,0.0025036465,0.09014175,0.0,0.0,0.0,0.0,0.0,0.00032290036,0.01279104,0.041809153,0.0,0.0,0.0,0.0,0.0,0.0
2066196860,-0.06489205,-0.03982777,-0.17184082,-0.021400452,-0.08014393,0.77807236,0.013984889,-0.028522741,-0.014459461,-0.0030956268,0.0,0.0,0.0,0.0,0.0,0.2641735,0.2642275,0.57240826,0.66553134,0.66570455,4.057797,0.0025049548,0.0025065723,0.0025036465,0.090141885,0.0,0.0,0.0,0.0,0.0,0.00026090775,0.009914226,0.030938705,0.0,0.0,0.0,0.0,0.0,0.0
2066397769,-0.035221815,0.026479185,-0.06565653,-0.028495789,-0.06786919,-0.5898495,0.013984889,-0.028522741,-0.014459461,-0.02433157,0.0,0.0,0.0,0.0,0.0,0.26419777,0.26423967,0.572333,0.66558987,0.6657492,4.057615,0.0025049548,0.0025065723,0.0025036465,0.090142064,0.0,0.0,0.0,0.0,0.0,0.00031160784,0.0055812164,0.014581488,0.0,0.0,0.0,0.0,0.0,0.0
2066602478,0.011263132,-0.092457674,-0.0532434,-0.075115204,-0.064683914,-0.1687603,0.013984889,-0.028522741,-0.014459461,-0.014281273,0.0,0.0,0.0,0.0,0.0,0.26429954,0.26433295,0.5723273,0.6648108,0.66495943,4.0577893,0.0025049548,0.0025065723,0.0025036465,0.09014217,0.0,0.0,0.0,0.0,0.0,0.0002702517,0.0102241915,0.031495534,0.0,0.0,0.0,0.0,0.0,0.0
2066803271,0.03339362,0.0026652813,0.10200687,-0.03332901,-0.05226326,0.4277382,0.013984889,-0.028522741,-0.014459461,0.04852295,0.0,0.0,0.0,0.0,0.0,0.2641568,0.26417962,0.5723531,0.66400284,0.66413486,4.0578947,0.0025049548,0.0025065723,0.0025036465,0.09014223,0.0,0.0,0.0,0.0,0.0,0.00024758186,0.005256002,0.0164889,0.0,0.0,0.0,0.0,0.0,0.0
2067003278,0.036032677,0.037978083,-0.015684273,-0.034130096,-0.033016205,1.1258888,0.013984889,-0.028522741,-0.014459461,0.00017476082,0.0,0.0,0.0,0.0,0.0,0.26416534,0.26418018,0.5723605,0.6640354,0.6641536,4.0579963,0.0025049548,0.0025065723,0.0025036465,0.090142384,0.0,0.0,0.0,0.0,0.0,0.00032413835,0.012088442,0.038119853,0.0,0.0,0.0,0.0,0.0,0.0
2067204070,0.09100485,0.021965303,0.11221029,-0.052684784,-0.01738453,0.31494522,0.013984889,-0.028522741,-0.014459461,-0.036267757,0.0,0.0,0.0,0.0,0.0,0.26417363,0.26418525,0.57236755,0.6640658,0.664171,4.0580864,0.0025049548,0.0025065723,0.0025036465,0.09014235,0.0,0.0,0.0,0.0,0.0,0.00055312604,0.0077122576,0.02327436,0.0,0.0,0.0,0.0,0.0,0.0
2067404853,-0.03959632,0.034402505,0.08883922,-0.07800293,-0.0022945404,-0.40380287,0.013984889,-0.028522741,-0.014459461,-0.052721024,0.0,0.0,0.0,0.0,0.0,0.26418763,0.26419634,0.5723732,0.6625503,0.6626436,4.058119,0.0025049548,0.0025065723,0.0025036465,0.09014262,0.0,0.0,0.0,0.0,0.0,0.00040958633,0.0053494535,0.014649147,0.0,0.0,0.0,0.0,0.0,0.0
2067605641,-0.036589146,0.031907886,-0.11357634,-0.06902313,0.01190567,-0.57629776,0.013984889,-0.028522741,-0.014459461,0.035099268,0.0,0.0,0.0,0.0,0.0,0.2641164,0.26412287,0.5723415,0.66218364,0.6622656,4.0581946,0.0025049548,0.0025065723,0.0025036465,0.09014285,0.0,0.0,0.0,0.0,0.0,0.00033585855,0.006377883,0.016569428,0.0,0.0,0.0,0.0,0.0,0.0
2067806460,-0.043114185,0.10481549,0.015164303,-0.113277435,0.019828796,0.45475388,0.013984889,-0.028522741,-0.014459461,-0.033077955,0.0,0.0,0.0,0.0,0.0,0.26416174,0.26416704,0.5723778,0.66410965,0.6641823,4.0581145,0.0025049548,0.0025065723,0.0025036465,0.09014309,0.0,0.0,0.0,0.0,0.0,0.00053709064,0.009187898,0.022645608,0.0,0.0,0.0,0.0,0.0,0.0
2068006513,-0.04014659,-0.038752146,-0.110611625,-0.10208511,0.019195557,0.3261795,0.013984889,-0.028522741,-0.014459461,-0.15288687,0.0,0.0,0.0,0.0,0.0,0.2641318,0.2641384,0.5723723,0.66394347,0.6640074,4.05816,0.0025049548,0.0025065723,0.0025036465,0.09014309,0.0,0.0,0.0,0.0,0.0,0.00057282037,0.006757061,0.019745711,0.0,0.0,0.0,0.0,0.0,0.0
2068207307,0.009385109,-0.034375824,-0.12289678,-0.10098648,0.023180962,0.038562775,0.013984889,-0.028522741,-0.014459461,-0.056440353,0.0,0.0,0.0,0.0,0.0,0.26416734,0.26417437,0.5723736,0.6639808,0.66403776,4.0582256,0.0025049548,0.0025065723,0.0025036465,0.09014304,0.0,0.0,0.0,0.0,0.0,0.0006724877,0.009306779,0.03132688,0.0,0.0,0.0,0.0,0.0,0.0
2068412009,0.039609432,-0.0023653284,-0.029722046,-0.0937233,0.026939392,-0.086774826,0.013984889,-0.028522741,-0.014459461,-0.08317709,0.0,0.0,0.0,0.0,0.0,0.26418066,0.26418597,0.57237756,0.6624769,0.6625277,4.0582542,0.0025049548,0.0025065723,0.0025036465,0.09014312,0.0,0.0,0.0,0.0,0.0,0.00037922876,0.0029383907,0.012101073,0.0,0.0,0.0,0.0,0.0,0.0
2068613020,-0.029864073,-0.06704126,0.056491353,-0.103710175,0.027713776,-0.16158295,0.013984889,-0.028522741,-0.014459461,-0.08987713,0.0,0.0,0.0,0.0,0.0,0.2641655,0.2641669,0.5723811,0.6609534,0.66099817,4.058303,0.0025049548,0.0025065723,0.0025036465,0.09014316,0.0,0.0,0.0,0.0,0.0,0.00028991592,0.002752882,0.009477894,0.0,0.0,0.0,0.0,0.0,0.0
2068813671,-0.027338743,-0.011117458,-0.062421385,-0.08930397,0.03229332,0.26455307,0.013984889,-0.028522741,-0.014459461,-0.055388927,0.0,0.0,0.0,0.0,0.0,0.2641741,0.26417497,0.5723767,0.66076475,0.66080403,4.0584893,0.0025049548,0.0025065723,0.0025036465,0.090143576,0.0,0.0,0.0,0.0,0.0,0.0003631252,0.0043172226,0.015109535,0.0,0.0,0.0,0.0,0.0,0.0
2069014394,0.07707834,-0.13216755,0.015528172,-0.06006813,0.018341064,0.48814392,0.013984889,-0.028522741,-0.014459461,-0.0441463,0.0,0.0,0.0,0.0,0.0,0.2641774,0.26417953,0.57242626,0.65885127,0.65888596,4.058226,0.0025049548,0.0025065723,0.0025036465,0.09014349,0.0,0.0,0.0,0.0,0.0,0.0005630901,0.0073000374,0.02044542,0.0,0.0,0.0,0.0,0.0,0.0
2069215044,0.032896757,0.065323785,0.021858975,-0.09004402,0.035265923,0.42949677,0.013984889,-0.028522741,-0.014459461,-0.029816866,0.0,0.0,0.0,0.0,0.0,0.26426083,0.26426604,0.5723767,0.657749,0.657781,4.058255,0.0025049548,0.0025065723,0.0025036465,0.09014327,0.0,0.0,0.0,0.0,0.0,0.0005174001,0.0036980363,0.012794813,0.0,0.0,0.0,0.0,0.0,0.0
2069419217,-0.043959618,-0.08023921,0.069535464,-0.11318207,0.035425186,-0.030042648,0.013984889,-0.028522741,-0.014459461,0.021204948,0.0,0.0,0.0,0.0,0.0,0.2643131,0.26432073,0.57241213,0.65811646,0.6581469,4.058013,0.0025049548,0.0025065723,0.0025036465,0.09014331,0.0,0.0,0.0,0.0,0.0,0.00023080606,0.0019902834,0.0062642116,0.0,0.0,0.0,0.0,0.0,0.0
2069620030,0.06194544,-0.09250978,0.033485606,-0.07815933,0.023831367,-0.65410805,0.013984889,-0.028522741,-0.014459461,0.0001616478,0.0,0.0,0.0,0.0,0.0,0.26425993,0.2642666,0.57238394,0.65769684,0.6577254,4.0580783,0.0025049548,0.0025065723,0.0025036465,0.0901435,0.0,0.0,0.0,0.0,0.0,0.00017506158,0.012462084,0.042728756,0.0,0.0,0.0,0.0,0.0,0.0
2069820782,0.068962574,-0.17580801,0.13052674,-0.054353714,0.010645866,-0.2998581,0.013984889,-0.028522741,-0.014459461,-0.027918339,0.0,0.0,0.0,0.0,0.0,0.26417857,0.2641853,0.57238424,0.65750927,0.65753615,4.0580177,0.0025049548,0.0025065723,0.0025036465,0.09014352,0.0,0.0,0.0,0.0,0.0,0.00074523396,0.014041697,0.046278726,0.0,0.0,0.0,0.0,0.0,0.0
2070025403,0.026125193,-0.0032071471,0.12787895,-0.03871727,0.0321064,-0.6546993,0.013984889,-0.028522741,-0.014459461,-0.0244658,0.0,0.0,0.0,0.0,0.0,0.26406956,0.26407343,0.57236195,0.6571527,0.65717745,4.0578146,0.0025049548,0.0025065723,0.0025036465,0.09014348,0.0,0.0,0.0,0.0,0.0,0.0006808368,0.0028285277,0.012946097,0.0,0.0,0.0,0.0,0.0,0.0
2070226436,0.10072899,-0.062339768,0.08911787,-0.028968811,0.048477173,-0.18054008,0.013984889,-0.028522741,-0.014459461,-0.016111135,0.0,0.0,0.0,0.0,0.0,0.26406604,0.26406813,0.5723739,0.6541414,0.65416384,4.0576816,0.0025049548,0.0025065723,0.0025036465,0.090143576,0.0,0.0,0.0,0.0,0.0,0.0006843967,0.0074475287,0.019571932,0.0,0.0,0.0,0.0,0.0,0.0
2070427229,-0.029251337,-0.03229177,0.21817121,-0.046915054,0.056700706,-0.20940971,0.013984889,-0.028522741,-0.014459461,-0.042283535,0.0,0.0,0.0,0.0,0.0,0.26408267,0.26408234,0.5723059,0.65412253,0.6541421,4.0575256,0.0025049548,0.0025065723,0.0025036465,0.09014371,0.0,0.0,0.0,0.0,0.0,0.00045488492,0.00889519,0.025896845,0.0,0.0,0.0,0.0,0.0,0.0
2070631201,0.034452677,-0.06990911,0.045895107,-0.059597015,0.050068855,0.28404617,0.013984889,-0.028522741,-0.014459461,-0.033945322,0.0,0.0,0.0,0.0,0.0,0.26407504,0.26407292,0.57232434,0.6526085,0.6526253,4.0579395,0.0025049548,0.0025065723,0.0025036465,0.09014395,0.0,0.0,0.0,0.0,0.0,0.00022207528,0.0072467555,0.023753852,0.0,0.0,0.0,0.0,0.0,0.0
2070831820,0.05150342,-0.08775969,0.15062144,-0.076719284,0.053310394,-0.26692772,0.013984889,-0.028522741,-0.014459461,0.020503521,0.0,0.0,0.0,0.0,0.0,0.2641206,0.2641187,0.572372,0.65297735,0.6529919,4.058176,0.0025049548,0.0025065723,0.0025036465,0.0901442,0.0,0.0,0.0,0.0,0.0,0.00048106987,0.009709705,0.032764684,0.0,0.0,0.0,0.0,0.0,0.0
2071032822,-0.014618874,-0.03435865,0.064316936,-0.07373047,0.057043076,-0.59957504,0.013984889,-0.028522741,-0.014459461,-0.05548048,0.0,0.0,0.0,0.0,0.0,0.2640753,0.2640739,0.57237273,0.6512204,0.65123296,4.0582585,0.0025049548,0.0025065723,0.0025036465,0.0901444,0.0,0.0,0.0,0.0,0.0,0.00068453554,0.0036476373,0.01358297,0.0,0.0,0.0,0.0,0.0,0.0
2071237655,0.107655525,-0.11676751,0.04516092,-0.071912766,0.052495956,-0.7310486,0.013984889,-0.028522741,-0.014459461,0.007261753,0.0,0.0,0.0,0.0,0.0,0.26405898,0.26405832,0.57237905,0.65118146,0.65119237,4.058297,0.0025049548,0.0025065723,0.0025036465,0.090144604,0.0,0.0,0.0,0.0,0.0,0.00026815757,0.0075672423,0.022186255,0.0,0.0,0.0,0.0,0.0,0.0
2071438467,0.07809329,-0.048545346,0.029781124,-0.084812164,0.057077408,-0.28754616,0.013984889,-0.028522741,-0.014459461,0.042533398,0.0,0.0,0.0,0.0,0.0,0.26409847,0.2640988,0.5724149,0.6499548,0.6499646,4.058208,0.0025049548,0.0025065723,0.0025036465,0.090144895,0.0,0.0,0.0,0.0,0.0,0.00018013734,0.005056922,0.0153057845,0.0,0.0,0.0,0.0,0.0,0.0
2071639216,0.11064029,-0.13099918,0.042597104,-0.08317375,0.054182053,-0.24046135,0.013984889,-0.028522741,-0.014459461,0.088357925,0.0,0.0,0.0,0.0,0.0,0.2640477,0.26404887,0.57241046,0.6496877,0.6496967,4.058277,0.0025049548,0.0025065723,0.0025036465,0.090144776,0.0,0.0,0.0,0.0,0.0,0.00027511842,0.0033030512,0.006354505,0.0,0.0,0.0,0.0,0.0,0.0
2071840132,0.060400724,-0.058008015,0.083623156,-0.061445236,0.057925224,-0.639164,0.013984889,-0.028522741,-0.014459461,-0.04546714,0.0,0.0,0.0,0.0,0.0,0.26399943,0.26399997,0.5723807,0.6492684,0.64927655,4.0583353,0.0025049548,0.0025065723,0.0025036465,0.09014465,0.0,0.0,0.0,0.0,0.0,0.00038191606,0.0033152152,0.011027925,0.0,0.0,0.0,0.0,0.0,0.0
2072044031,0.07369208,-0.1735723,0.04521206,-0.06788063,0.053845406,0.6746979,0.013984889,-0.028522741,-0.014459461,0.04771781,0.0,0.0,0.0,0.0,0.0,0.264026,0.26402628,0.5723836,0.6477422,0.6477498,4.0581083,0.0025049548,0.0025065723,0.0025036465,0.09014471,0.0,0.0,0.0,0.0,0.0,0.0005024205,0.004769576,0.011613672,0.0,0.0,0.0,0.0,0.0,0.0
2072244843,0.08984017,-0.048113167,0.14308377,-0.065626144,0.042280197,-0.19136429,0.013984889,-0.028522741,-0.014459461,-0.08154535,0.0,0.0,0.0,0.0,0.0,0.2640198,0.2640197,0.5723889,0.6477312,0.6477381,4.05817,0.0025049548,0.0025065723,0.0025036465,0.090144664,0.0,0.0,0.0,0.0,0.0,0.00047946922,0.014717033,0.046002302,0.0,0.0,0.0,0.0,0.0,0.0
2072445650,0.06585121,-0.097475946,0.07438238,-0.06744766,0.039606094,-1.280695,0.013984889,-0.028522741,-0.014459461,0.06264949,0.0,0.0,0.0,0.0,0.0,0.2640696,0.26406762,0.5723927,0.64925086,0.64925706,4.058214,0.0025049548,0.0025065723,0.0025036465,0.090144776,0.0,0.0,0.0,0.0,0.0,0.00023466488,0.0015512111,0.005395727,0.0,0.0,0.0,0.0,0.0,0.0
2072650506,0.06607723,-0.070370734,0.017581802,-0.0779171,0.039603233,-1.1063938,0.013984889,-0.028522741,-0.014459461,-0.042459488,0.0,0.0,0.0,0.0,0.0,0.2641231,0.26411852,0.57243156,0.64963186,0.6496372,4.0583057,0.0025049548,0.0025065723,0.0025036465,0.09014476,0.0,0.0,0.0,0.0,0.0,0.0005656867,0.01128859,0.033483133,0.0,0.0,0.0,0.0,0.0,0.0
2072851243,0.053886175,-0.17104931,0.021474373,-0.077819824,0.028725624,-0.07111931,0.013984889,-0.028522741,-0.014459461,-0.078333855,0.0,0.0,0.0,0.0,0.0,0.2641207,0.26411098,0.572432,0.6510984,0.6511027,4.0583577,0.0025049548,0.0025065723,0.0025036465,0.09014481,0.0,0.0,0.0,0.0,0.0,0.00083428324,0.008325818,0.026278742,0.0,0.0,0.0,0.0,0.0,0.0
2073051003,0.113178015,-0.12667957,0.06646767,-0.025989532,0.010566711,-0.14986229,0.013984889,-0.028522741,-0.014459461,-0.05992365,0.0,0.0,0.0,0.0,0.0,0.26401365,0.26399603,0.572367,0.6503557,0.6503589,4.05813,0.0025049548,0.0025065723,0.0025036465,0.09014493,0.0,0.0,0.0,0.0,0.0,0.00066012103,0.0040258775,0.013690389,0.0,0.0,0.0,0.0,0.0,0.0
2073255828,0.07386351,-0.0014388859,0.035634585,-0.03129387,0.016971588,-1.379837,0.013984889,-0.028522741,-0.014459461,-0.025538921,0.0,0.0,0.0,0.0,0.0,0.26402736,0.2640004,0.5723781,0.65033436,0.6503339,4.058073,0.0025049548,0.0025065723,0.0025036465,0.090145245,0.0,0.0,0.0,0.0,0.0,0.0004054854,0.0093463445,0.029857984,0.0,0.0,0.0,0.0,0.0,0.0
2073456813,0.07386351,-0.0014388859,0.035634585,-0.03129387,0.016971588,0.6490402,0.013984889,-0.028522741,-0.014459461,-0.053151608,0.0,0.0,0.0,0.0,0.0,0.26402736,0.2640004,0.5723781,0.65033436,0.6503339,4.0581403,0.0025049548,0.0025065723,0.0025036465,0.09014537,0.0,0.0,0.0,0.0,0.0,0.00028499865,0.0033137323,0.005501258,0.0,0.0,0.0,0.0,0.0,0.0
2073657375,-0.030336857,-0.15250285,0.06490378,-0.025856018,-0.0014562607,-0.5955868,0.013984889,-0.028522741,-0.014459461,-0.005717039,0.0,0.0,0.0,0.0,0.0,0.26407176,0.26405013,0.57239574,0.65198106,0.6519768,4.058225,0.0025049548,0.0025065723,0.0025036465,0.09014533,0.0,0.0,0.0,0.0,0.0,0.00048190178,0.008241476,0.020271868,0.0,0.0,0.0,0.0,0.0,0.0
2073862543,0.11087799,-0.019939192,0.03887812,-0.035079956,-0.00041866302,-0.4999256,0.013984889,-0.028522741,-0.014459461,-0.06823349,0.0,0.0,0.0,0.0,0.0,0.2641745,0.26415607,0.5723545,0.6524563,0.6524503,4.058057,0.0025049548,0.0025065723,0.0025036465,0.09014527,0.0,0.0,0.0,0.0,0.0,0.00039541075,0.00587691,0.01712226,0.0,0.0,0.0,0.0,0.0,0.0
2074063243,0.12134862,-0.17765804,0.05744513,-0.013620377,-0.02473545,-0.8407383,0.013984889,-0.028522741,-0.014459461,0.017043114,0.0,0.0,0.0,0.0,0.0,0.26415423,0.26413885,0.5723606,0.65385824,0.65385133,4.0580254,0.0025049548,0.0025065723,0.0025036465,0.09014549,0.0,0.0,0.0,0.0,0.0,0.0005329537,0.012411868,0.026014749,0.0,0.0,0.0,0.0,0.0,0.0
2074268301,0.023997545,-0.06674373,0.040088974,-0.007587433,-0.018384933,-0.26506805,0.013984889,-0.028522741,-0.014459461,0.040394545,0.0,0.0,0.0,0.0,0.0,0.26413903,0.26412824,0.57237333,0.6554738,0.6554663,4.0578456,0.0025049548,0.0025065723,0.0025036465,0.09014542,0.0,0.0,0.0,0.0,0.0,0.0005820645,0.015324891,0.04693459,0.0,0.0,0.0,0.0,0.0,0.0
2074468022,0.030714989,-0.037839755,0.053632304,-0.0033168793,-0.025978088,0.37342453,0.013984889,-0.028522741,-0.014459461,0.010107756,0.0,0.0,0.0,0.0,0.0,0.26412374,0.26411602,0.5723857,0.6570977,0.65709,4.0579667,0.0025049548,0.0025065723,0.0025036465,0.090145506,0.0,0.0,0.0,0.0,0.0,0.0003756846,0.013846661,0.04581096,0.0,0.0,0.0,0.0,0.0,0.0
2074673017,0.0792582,-0.10896329,0.034845166,0.004283905,-0.025704384,1.4943657,0.013984889,-0.028522741,-0.014459461,-0.020838737,0.0,0.0,0.0,0.0,0.0,0.26413423,0.264129,0.5723964,0.65715337,0.65714574,4.057814,0.0025049548,0.0025065723,0.0025036465,0.09014572,0.0,0.0,0.0,0.0,0.0,0.00028695536,0.019045698,0.0625941,0.0,0.0,0.0,0.0,0.0,0.0
2074873693,0.092876196,-0.16085097,0.10199587,0.03205967,-0.03663349,-1.8495255,0.013984889,-0.028522741,-0.014459461,0.032974243,0.0,0.0,0.0,0.0,0.0,0.26406527,0.26406223,0.57237554,0.65686744,0.6568604,4.0573525,0.0025049548,0.0025065723,0.0025036465,0.09014584,0.0,0.0,0.0,0.0,0.0,0.00055492145,0.013209678,0.034365833,0.0,0.0,0.0,0.0,0.0,0.0
2075074223,0.061748743,-0.084510595,0.082505286,0.018672943,-0.02794838,0.7855072,0.013984889,-0.028522741,-0.014459461,-0.032499313,0.0,0.0,0.0,0.0,0.0,0.26405555,0.26405463,0.5724221,0.6573424,0.65733624,4.0580683,0.0025049548,0.0025065723,0.0025036465,0.09014589,0.0,0.0,0.0,0.0,0.0,0.00049044355,0.008972024,0.023118095,0.0,0.0,0.0,0.0,0.0,0.0
2075275255,0.04635787,-0.07365692,0.12402085,0.012396812,-0.033604622,-0.99985504,0.013984889,-0.028522741,-0.014459461,-0.05193138,0.0,0.0,0.0,0.0,0.0,0.26392537,0.26392528,0.5723468,0.65891373,0.6589091,4.0578904,0.0025049548,0.0025065723,0.0025036465,0.09014598,0.0,0.0,0.0,0.0,0.0,0.00037786283,0.008334016,0.022859024,0.0,0.0,0.0,0.0,0.0,0.0
2075476011,0.12528896,-0.20013061,0.16174114,0.023142815,-0.036870003,0.20917892,0.013984889,-0.028522741,-0.014459461,-0.02949667,0.0,0.0,0.0,0.0,0.0,0.26368552,0.26368728,0.5723586,0.658921,0.6589181,4.0571938,0.0025049548,0.0025065723,0.0025036465,0.09014601,0.0,0.0,0.0,0.0,0.0,0.0005298018,0.015382347,0.036482453,0.0,0.0,0.0,0.0,0.0,0.0
2075676030,0.25985122,-0.21779484,0.32794145,0.05487728,-0.046797752,0.3474617,0.013984889,-0.028522741,-0.014459461,-0.086931705,0.0,0.0,0.0,0.0,0.0,0.26358303,0.2635864,0.57233655,0.6570052,0.65700376,4.0570564,0.0025049548,0.0025065723,0.0025036465,0.090146184,0.0,0.0,0.0,0.0,0.0,0.0008593402,0.02542152,0.057626277,0.0,0.0,0.0,0.0,0.0,0.0
2075880842,0.16260219,-0.1864528,0.23675129,0.06664276,-0.0428133,0.0151462555,0.013984889,-0.028522741,-0.014459461,0.06896615,0.0,0.0,0.0,0.0,0.0,0.26361653,0.26363662,0.57234585,0.6569891,0.65698886,4.0573444,0.0025049548,0.0025065723,0.0025036465,0.09014613,0.0,0.0,0.0,0.0,0.0,0.0008507234,0.020520888,0.043560915,0.0,0.0,0.0,0.0,0.0,0.0
2076081599,-0.0077340603,-0.029188871,0.23669124,0.029999733,-0.028018951,0.07226372,0.013984889,-0.028522741,-0.014459461,-0.0734458,0.0,0.0,0.0,0.0,0.0,0.26370236,0.2637527,0.5723841,0.658771,0.65877265,4.0577755,0.0025049548,0.0025065723,0.0025036465,0.090146154,0.0,0.0,0.0,0.0,0.0,0.00047056444,0.012667497,0.034601763,0.0,0.0,0.0,0.0,0.0,0.0
2076282542,0.103180885,0.01939261,0.23634323,0.013284683,-0.006526947,-0.15555191,0.013984889,-0.028522741,-0.014459461,-0.0576303,0.0,0.0,0.0,0.0,0.0,0.26372933,0.26381505,0.5723905,0.6587538,0.65875876,4.05787,0.0025049548,0.0025065723,0.0025036465,0.090146214,0.0,0.0,0.0,0.0,0.0,0.00023282178,0.012952089,0.033913385,0.0,0.0,0.0,0.0,0.0,0.0
2076483059,-0.004869461,-0.085802555,-0.007764697,0.007417679,-0.012411118,-0.12337303,0.013984889,-0.028522741,-0.014459461,-0.073250294,0.0,0.0,0.0,0.0,0.0,0.2637302,0.26385945,0.57239157,0.66013247,0.660143,4.05754,0.0025049548,0.0025065723,0.0025036465,0.090146154,0.0,0.0,0.0,0.0,0.0,0.00019386738,0.005548611,0.018097673,0.0,0.0,0.0,0.0,0.0,0.0
2076684037,0.004491806,-0.08662024,0.13610119,-0.007657051,-0.007707596,-0.4763794,0.013984889,-0.028522741,-0.014459461,-0.057050705,0.0,0.0,0.0,0.0,0.0,0.26376992,0.26394784,0.57239616,0.6601926,0.66021204,4.057627,0.0025049548,0.0025065723,0.0025036465,0.090146154,0.0,0.0,0.0,0.0,0.0,0.00029044502,0.0057910527,0.01675046,0.0,0.0,0.0,0.0,0.0,0.0
2076888634,-0.022987366,0.013192654,0.076717496,-0.032925606,0.007980347,-0.30443382,0.013984889,-0.028522741,-0.014459461,0.018105268,0.0,0.0,0.0,0.0,0.0,0.2638163,0.2640233,0.5724015,0.66179013,0.66182154,4.0577188,0.0025049548,0.0025065723,0.0025036465,0.090146035,0.0,0.0,0.0,0.0,0.0,0.00016250333,0.0068083135,0.015786033,0.0,0.0,0.0,0.0,0.0,0.0
2077089061,-0.05057001,-0.011404991,0.051088333,-0.05641842,0.0133628845,0.26949692,0.013984889,-0.028522741,-0.014459461,0.029062986,0.0,0.0,0.0,0.0,0.0,0.26387954,0.26405117,0.5724047,0.6634085,0.663452,4.0575624,0.0025049548,0.0025065723,0.0025036465,0.090146,0.0,0.0,0.0,0.0,0.0,0.00018664979,0.009496826,0.024753843,0.0,0.0,0.0,0.0,0.0,0.0
2077290412,0.15029073,-0.0072800517,0.016384542,-0.042722225,0.023824692,-0.3785076,0.013984889,-0.028522741,-0.014459461,-0.080792904,0.0,0.0,0.0,0.0,0.0,0.26402125,0.2640823,0.5723181,0.66350675,0.66355526,4.057378,0.0025049548,0.0025065723,0.0025036465,0.09014586,0.0,0.0,0.0,0.0,0.0,0.00023797572,0.008574094,0.023014372,0.0,0.0,0.0,0.0,0.0,0.0
2077494466,-0.051260233,-0.07168487,0.060569644,-0.04117012,0.019047737,-1.1835785,0.013984889,-0.028522741,-0.014459461,0.015423059,0.0,0.0,0.0,0.0,0.0,0.26405177,0.2640395,0.57230985,0.6620564,0.66209847,4.057499,0.0025049548,0.0025065723,0.0025036465,0.09014619,0.0,0.0,0.0,0.0,0.0,0.000273896,0.01234452,0.043199986,0.0,0.0,0.0,0.0,0.0,0.0
2077695221,0.08535051,-0.09919232,0.17559978,-0.03825426,0.017977715,0.129776,0.013984889,-0.028522741,-0.014459461,0.004559517,0.0,0.0,0.0,0.0,0.0,0.26402968,0.26404262,0.57229924,0.6605424,0.6605681,4.0575724,0.0025049548,0.0025065723,0.0025036465,0.09014622,0.0,0.0,0.0,0.0,0.0,0.00031566847,0.008920639,0.035368025,0.0,0.0,0.0,0.0,0.0,0.0
2077896098,0.006145239,-0.1621205,0.13142782,-0.015236855,0.0014247894,-0.27245903,0.04215464,-0.0029045232,-0.041774035,-0.02848816,0.0,0.0,0.0,0.0,0.0,0.2639031,0.26404408,0.5722628,0.65863824,0.6586503,4.0576577,0.0025068764,0.002513434,0.0025069104,0.09014621,0.0,0.0,0.0,0.0,0.0,0.0004640417,0.0062098904,0.017713215,0.0,0.0,0.0,0.0,0.0,0.0
2078096988,-0.048729658,-0.077089384,0.10874784,-0.011693478,-0.0025196075,0.0149822235,0.023375511,-0.002912011,0.0046651363,-0.02848816,0.0,0.0,0.0,0.0,0.0,0.26385722,0.2642935,0.57226616,0.6570355,0.6570605,4.057437,0.0025066438,0.0025129933,0.0025068035,0.09014621,0.0,0.0,0.0,0.0,0.0,0.0009838291,0.014668617,0.022177195,0.0,0.0,0.0,0.0,0.0,0.0
2078297377,0.03286743,-0.13211118,-0.054175913,-0.011318207,-0.0037164688,-1.5500145,0.011403948,-0.0023128614,-0.009560734,-0.02848816,0.0,0.0,0.0,0.0,0.0,0.26376835,0.26453862,0.5722805,0.65541875,0.6554886,4.0575237,0.002506627,0.0025126552,0.0025065122,0.09014621,0.0,0.0,0.0,0.0,0.0,0.000994031,0.023390409,0.06387789,0.0,0.0,0.0,0.0,0.0,0.0
2078502240,-0.01369375,-0.019931879,-0.027843595,-0.0068945885,-0.0018625259,-0.15510178,0.0028784275,-0.009623777,-0.0009908676,-0.02848816,0.0,0.0,0.0,0.0,0.0,0.2637128,0.26480123,0.5723024,0.6537771,0.6539336,4.0573573,0.0025067497,0.0025122932,0.0025061055,0.09014621,0.0,0.0,0.0,0.0,0.0,0.0011697068,0.023001844,0.06372344,0.0,0.0,0.0,0.0,0.0,0.0
2078706397,0.04421684,-0.26355028,0.10786128,0.0020074844,-0.02308178,0.6683006,-0.014369398,0.0066847615,0.03238365,-0.02848816,0.0,0.0,0.0,0.0,0.0,0.26372266,0.26498356,0.57232773,0.65363866,0.6539071,4.0571733,0.0025068638,0.002511924,0.002505792,0.09014621,0.0,0.0,0.0,0.0,0.0,0.0020539938,0.0134071605,0.025599912,0.0,0.0,0.0,0.0,0.0,0.0
2078907028,-0.14531146,-0.11038062,0.13459593,-0.019818306,-0.02807045,0.0102443695,-0.00942035,0.008342419,0.029039145,-0.02848816,0.0,0.0,0.0,0.0,0.0,0.2637377,0.26499677,0.5723497,0.6520153,0.6524184,4.0575314,0.0025069267,0.002511626,0.0025054463,0.09014621,0.0,0.0,0.0,0.0,0.0,0.001925146,0.014422306,0.021600246,0.0,0.0,0.0,0.0,0.0,0.0
2079107982,0.06384672,-0.04874438,0.07524425,-0.018198967,-0.023085594,-0.05386734,0.016880184,0.0015303697,0.0019474328,-0.02848816,0.0,0.0,0.0,0.0,0.0,0.2637379,0.26491752,0.5723581,0.6502305,0.6507579,4.057469,0.0025068575,0.0025114093,0.0025052533,0.09014621,0.0,0.0,0.0,0.0,0.0,0.00068071735,0.0062055993,0.013745823,0.0,0.0,0.0,0.0,0.0,0.0
2079312618,0.010893439,-0.15026474,0.15359709,-0.020888805,-0.02092266,0.068784714,-0.0017366707,-0.0018314924,0.003951758,-0.02848816,0.0,0.0,0.0,0.0,0.0,0.26368132,0.26478073,0.5723375,0.64981633,0.6504537,4.057545,0.00250674,0.0025111246,0.002505161,0.09014621,0.0,0.0,0.0,0.0,0.0,0.00081719743,0.003924757,0.010398825,0.0,0.0,0.0,0.0,0.0,0.0
2079513728,-0.14472649,-0.03603518,0.06671882,-0.03807783,-0.031140327,0.41560745,0.0040893704,-0.025693366,-0.030795127,-0.02848816,0.0,0.0,0.0,0.0,0.0,0.26375136,0.26480344,0.5724136,0.6505189,0.65130585,4.0578923,0.0025066207,0.0025108817,0.002505097,0.09014621,0.0,0.0,0.0,0.0,0.0,0.00083151524,0.010280558,0.027872622,0.0,0.0,0.0,0.0,0.0,0.0
2079714432,-0.11921422,-0.069090724,-0.08939892,-0.051287174,-0.029280663,0.24757385,0.012814909,-0.012204716,-0.013343185,-0.02848816,0.0,0.0,0.0,0.0,0.0,0.26362315,0.26461542,0.57238394,0.6500304,0.6508994,4.0575213,0.0025065215,0.002510624,0.0025050058,0.09014621,0.0,0.0,0.0,0.0,0.0,0.001193148,0.012502989,0.033147898,0.0,0.0,0.0,0.0,0.0,0.0
2079914266,-0.04833266,-0.058415264,0.012274325,-0.05081415,-0.02944374,0.2299614,0.0049823076,0.011348974,0.0074896216,-0.02848816,0.0,0.0,0.0,0.0,0.0,0.2635232,0.26444185,0.572385,0.6482744,0.6492284,4.057746,0.002506412,0.002510427,0.0025049294,0.09014621,0.0,0.0,0.0,0.0,0.0,0.00078549987,0.009745522,0.02923995,0.0,0.0,0.0,0.0,0.0,0.0
2080119002,0.056466617,-0.09158023,-0.0029247403,-0.05003929,-0.030386925,0.24740219,-0.014347836,0.003028622,0.037055522,-0.02848816,0.0,0.0,0.0,0.0,0.0,0.26349777,0.26433507,0.5724169,0.6468835,0.64792174,4.0578146,0.0025063206,0.002510229,0.002504818,0.09014621,0.0,0.0,0.0,0.0,0.0,0.00032772528,0.009863026,0.036026474,0.0,0.0,0.0,0.0,0.0,0.0
2080320038,-0.11456965,-0.09026465,-0.03881502,-0.06594324,-0.026094437,0.5901985,-0.008174822,0.009684341,-0.0074929595,-0.02848816,0.0,0.0,0.0,0.0,0.0,0.26340812,0.2641509,0.5723916,0.6464528,0.6475267,4.057609,0.0025062284,0.002510083,0.0025047294,0.09014621,0.0,0.0,0.0,0.0,0.0,0.000476936,0.012200096,0.042189628,0.0,0.0,0.0,0.0,0.0,0.0
2080520925,-0.02963923,-0.02773606,0.022499382,-0.06401873,-0.010075569,0.5563431,-0.0052947104,0.0046460116,0.006811142,-0.02848816,0.0,0.0,0.0,0.0,0.0,0.26344073,0.26408613,0.5723568,0.64677995,0.6479018,4.057716,0.0025061646,0.002509954,0.002504626,0.09014621,0.0,0.0,0.0,0.0,0.0,0.0006183602,0.0055953627,0.020786108,0.0,0.0,0.0,0.0,0.0,0.0
2080721661,0.10255663,-0.09951857,-0.0036025047,-0.0504179,-0.010048866,-0.34083557,-1.0445714e-05,0.0022755545,0.005071074,-0.02848816,0.0,0.0,0.0,0.0,0.0,0.26336876,0.26391226,0.57241935,0.6463681,0.6474826,4.0578027,0.002506094,0.002509814,0.0025045406,0.09014621,0.0,0.0,0.0,0.0,0.0,0.0005533333,0.006105378,0.015020282,0.0,0.0,0.0,0.0,0.0,0.0
2080922230,0.08042136,-0.17365795,0.055856407,-0.051935673,-0.009692192,-0.89717865,-0.0050955415,-0.0076490296,0.031494856,-0.02848816,0.0,0.0,0.0,0.0,0.0,0.26337713,0.26383638,0.5724574,0.64652205,0.6476459,4.0577393,0.0025059683,0.0025096447,0.0025044996,0.09014621,0.0,0.0,0.0,0.0,0.0,0.0009652525,0.008370346,0.016688662,0.0,0.0,0.0,0.0,0.0,0.0
2081122422,-0.022037193,-0.08724232,-0.062323093,-0.053064346,-0.014836311,0.52542496,0.0059393346,-0.011859024,-0.019555956,-0.02848816,0.0,0.0,0.0,0.0,0.0,0.2633621,0.26374754,0.5724701,0.646482,0.64759195,4.058117,0.0025058803,0.002509499,0.0025044433,0.09014621,0.0,0.0,0.0,0.0,0.0,0.0011706924,0.0030102385,0.0056744833,0.0,0.0,0.0,0.0,0.0,0.0
2081327025,-0.008469328,-0.071384326,-0.18645495,-0.05983782,-0.012138367,0.40101624,-0.0042311996,-0.014299397,-0.00047284365,-0.02848816,0.0,0.0,0.0,0.0,0.0,0.26336315,0.26368254,0.57247627,0.6448972,0.645974,4.057883,0.0025058321,0.002509352,0.0025043567,0.09014621,0.0,0.0,0.0,0.0,0.0,0.0010057791,0.001433299,0.0021973718,0.0,0.0,0.0,0.0,0.0,0.0
2081528055,-0.07223962,-0.050040558,-0.0018365979,-0.05747509,-0.013075829,1.032589,0.014134809,-0.007896021,-0.005699903,-0.02848816,0.0,0.0,0.0,0.0,0.0,0.26343077,0.26369348,0.5724366,0.64521205,0.6462608,4.0579286,0.0025057392,0.0025092314,0.0025043264,0.09014621,0.0,0.0,0.0,0.0,0.0,0.00042263765,0.004383936,0.012016026,0.0,0.0,0.0,0.0,0.0,0.0
2081732589,0.030420668,-0.080243066,-0.16550815,-0.060595036,-0.014840126,-0.014875412,0.009428531,-0.009690945,0.00025042892,-0.02848816,0.0,0.0,0.0,0.0,0.0,0.26339027,0.263609,0.5724391,0.64496773,0.6459606,4.0579014,0.0025056333,0.0025090931,0.0025042973,0.09014621,0.0,0.0,0.0,0.0,0.0,0.0006113131,0.009602465,0.026798397,0.0,0.0,0.0,0.0,0.0,0.0
2081933681,-0.049265906,-0.15610154,0.012793601,-0.058168888,-0.020799637,-0.035100937,0.020462781,-0.008668093,-0.01445663,-0.02848816,0.0,0.0,0.0,0.0,0.0,0.26333225,0.26351717,0.572417,0.643057,0.64398944,4.057701,0.0025055634,0.0025089646,0.002504245,0.09014621,0.0,0.0,0.0,0.0,0.0,0.0006104224,0.004677212,0.008973099,0.0,0.0,0.0,0.0,0.0,0.0
2082138510,-0.0060667247,-0.008440495,-0.17793614,-0.06850767,-0.028743744,-0.54426384,0.00050860643,-0.012076132,-0.0036733449,-0.02848816,0.0,0.0,0.0,0.0,0.0,0.2632232,0.2633818,0.5724477,0.640834,0.6417006,4.0580897,0.002505522,0.0025088482,0.002504178,0.09014621,0.0,0.0,0.0,0.0,0.0,0.0005045357,0.007255702,0.019069467,0.0,0.0,0.0,0.0,0.0,0.0
2082339025,0.03811407,-0.12171988,-0.1426931,-0.06041956,-0.028513908,0.34724808,0.005726069,-0.0128970705,-0.020083487,-0.02848816,0.0,0.0,0.0,0.0,0.0,0.26335162,0.2634842,0.5724402,0.64003074,0.6408663,4.0578713,0.0025054943,0.0025087302,0.002504106,0.09014621,0.0,0.0,0.0,0.0,0.0,0.00036762378,0.0030843571,0.0074216533,0.0,0.0,0.0,0.0,0.0,0.0
2082539338,0.094046175,-0.061628506,-0.20540988,-0.05331993,-0.029931068,-0.23586655,0.0036858171,0.015345741,0.024059623,-0.009182453,0.0,0.0,0.0,0.0,0.0,0.26326126,0.2633672,0.57246494,0.6377873,0.6385558,4.0579433,0.0025054934,0.00250868,0.0025040887,0.090132356,0.0,0.0,0.0,0.0,0.0,0.00020247055,0.005180276,0.012443537,0.0,0.0,0.0,0.0,0.0,0.0
2082740069,0.08668378,-0.07515618,-0.009559035,-0.03856373,-0.022526741,0.00422287,0.0036858171,0.015345741,0.024059623,-0.025543213,0.0,0.0,0.0,0.0,0.0,0.2633853,0.26345444,0.5724261,0.6382342,0.6389134,4.057716,0.0025054934,0.00250868,0.0025040887,0.090132535,0.0,0.0,0.0,0.0,0.0,0.0002019721,0.00794974,0.022100983,0.0,0.0,0.0,0.0,0.0,0.0
2082940910,0.07775317,-0.10051269,-0.08222884,-0.029776096,-0.024023056,-0.5378761,0.0036858171,0.015345741,0.024059623,0.048544407,0.0,0.0,0.0,0.0,0.0,0.26349765,0.2635327,0.5724745,0.6371362,0.63772666,4.0575905,0.0025054934,0.00250868,0.0025040887,0.09013257,0.0,0.0,0.0,0.0,0.0,0.00028004206,0.01369478,0.04069323,0.0,0.0,0.0,0.0,0.0,0.0
2083141605,0.054022286,-0.08602493,-0.18809044,-0.031225204,-0.023867607,0.121349335,0.0036858171,0.015345741,0.024059623,-0.0014550686,0.0,0.0,0.0,0.0,0.0,0.26356116,0.26357034,0.57249016,0.635631,0.6361328,4.057709,0.0025054934,0.00250868,0.0025040887,0.09013274,0.0,0.0,0.0,0.0,0.0,0.00055662653,0.011937944,0.034309845,0.0,0.0,0.0,0.0,0.0,0.0
2083342524,0.028637432,-0.13377485,-0.15408725,-0.030177116,-0.03367424,0.33996964,0.0036858171,0.015345741,0.024059623,0.05115509,0.0,0.0,0.0,0.0,0.0,0.2635426,0.2635325,0.57247037,0.6352747,0.6356925,4.057542,0.0025054934,0.00250868,0.0025040887,0.09013278,0.0,0.0,0.0,0.0,0.0,0.00030370874,0.0073191067,0.01870957,0.0,0.0,0.0,0.0,0.0,0.0
2083543207,-0.04452678,-0.072808184,-0.07008159,-0.025549412,-0.045962334,-0.6524887,0.0036858171,0.015345741,0.024059623,-0.006715536,0.0,0.0,0.0,0.0,0.0,0.2636222,0.26359946,0.5724323,0.6339915,0.6343344,4.057311,0.0025054934,0.00250868,0.0025040887,0.09013296,0.0,0.0,0.0,0.0,0.0,0.00027299626,0.0058872635,0.018551983,0.0,0.0,0.0,0.0,0.0,0.0
2083743312,0.05319538,-0.01517871,-0.13041085,-0.014124393,-0.040740013,-0.35178947,0.0036858171,0.015345741,0.024059623,0.009246826,0.0,0.0,0.0,0.0,0.0,0.2636742,0.26364654,0.57245326,0.6339736,0.6342482,4.0572,0.0025054934,0.00250868,0.0025040887,0.09013303,0.0,0.0,0.0,0.0,0.0,0.00027834653,0.006308642,0.018498495,0.0,0.0,0.0,0.0,0.0,0.0
2083947997,0.0113013685,-0.19831863,-0.040596187,-0.0075216293,-0.06251907,-0.4916191,0.0036858171,0.015345741,0.024059623,0.07399583,0.0,0.0,0.0,0.0,0.0,0.2637141,0.26368722,0.57247573,0.6340017,0.63421714,4.0573716,0.0025054934,0.00250868,0.0025040887,0.09013313,0.0,0.0,0.0,0.0,0.0,0.0003475225,0.012646137,0.03926757,0.0,0.0,0.0,0.0,0.0,0.0
2084148803,-0.053232856,-0.22824588,-0.15912682,-0.0126953125,-0.081376076,0.17835617,0.0036858171,0.015345741,0.024059623,-0.010906458,0.0,0.0,0.0,0.0,0.0,0.26370025,0.26367638,0.5724619,0.6336812,0.6338467,4.0575085,0.0025054934,0.00250868,0.0025040887,0.09013354,0.0,0.0,0.0,0.0,0.0,0.000527475,0.010382103,0.024587559,0.0,0.0,0.0,0.0,0.0,0.0
2084349736,0.011344612,-0.07812971,-0.09831953,-0.025405407,-0.080625534,-0.1833229,0.0036858171,0.015345741,0.024059623,-0.10465193,0.0,0.0,0.0,0.0,0.0,0.26379403,0.26377475,0.57242936,0.6326101,0.63273275,4.0573773,0.0025054934,0.00250868,0.0025040887,0.09013377,0.0,0.0,0.0,0.0,0.0,0.00047171724,0.00968542,0.029078078,0.0,0.0,0.0,0.0,0.0,0.0
2084554249,0.078942396,-0.13030386,0.06741834,-0.008440495,-0.08483791,0.36315918,0.0036858171,0.015345741,0.024059623,0.010942936,0.0,0.0,0.0,0.0,0.0,0.26387712,0.26386157,0.57248104,0.6314851,0.6315724,4.0575895,0.0025054934,0.00250868,0.0025040887,0.09013389,0.0,0.0,0.0,0.0,0.0,0.0003681305,0.008439652,0.0250535,0.0,0.0,0.0,0.0,0.0,0.0
2084754999,0.053008594,-0.08119775,0.026862204,0.004831314,-0.07880306,0.14954758,0.0036858171,0.015345741,0.024059623,0.01156044,0.0,0.0,0.0,0.0,0.0,0.26376832,0.26375413,0.5724271,0.63073,0.6307911,4.057458,0.0025054934,0.00250868,0.0025040887,0.090134054,0.0,0.0,0.0,0.0,0.0,0.00046751247,0.006118762,0.016695969,0.0,0.0,0.0,0.0,0.0,0.0
2084960024,0.06820085,0.04810019,0.0030443668,0.0015254021,-0.06651497,0.058267593,0.0036858171,0.015345741,0.024059623,0.02840662,0.0,0.0,0.0,0.0,0.0,0.26381454,0.2638005,0.57244474,0.62928605,0.6293257,4.057396,0.0025054934,0.00250868,0.0025040887,0.090134256,0.0,0.0,0.0,0.0,0.0,0.0002473703,0.005901375,0.01105794,0.0,0.0,0.0,0.0,0.0,0.0
2085164062,0.042184606,0.034822434,0.028077602,0.0025873184,-0.051651955,0.20612717,0.0036858171,0.015345741,0.024059623,-0.0070545673,0.0,0.0,0.0,0.0,0.0,0.26389372,0.26387906,0.57241327,0.6296502,0.62967235,4.057435,0.0025054934,0.00250868,0.0025040887,0.090134546,0.0,0.0,0.0,0.0,0.0,0.00018587384,0.007875373,0.015903817,0.0,0.0,0.0,0.0,0.0,0.0
2085364627,-0.0067061577,-0.12377304,0.1769749,0.0005030632,-0.060743332,0.010253906,0.0036858171,0.015345741,0.024059623,-0.01601696,0.0,0.0,0.0,0.0,0.0,0.26385805,0.26384342,0.57242465,0.627973,0.62798226,4.057304,0.0025054934,0.00250868,0.0025040887,0.09013476,0.0,0.0,0.0,0.0,0.0,0.00023339794,0.0060416088,0.015810646,0.0,0.0,0.0,0.0,0.0,0.0
2085569414,-0.08068338,-0.24356435,-0.016565979,-0.027430534,-0.07837582,0.77428055,0.0036858171,0.015345741,0.024059623,0.049281597,0.0,0.0,0.0,0.0,0.0,0.26387638,0.26386452,0.57244426,0.6264842,0.6264833,4.0572953,0.0025054934,0.00250868,0.0025040887,0.090134956,0.0,0.0,0.0,0.0,0.0,0.0005681983,0.007386774,0.015206587,0.0,0.0,0.0,0.0,0.0,0.0
2085770499,0.041238107,-0.127231,-0.11491507,-0.021430492,-0.0857811,-0.95841026,0.0036858171,0.015345741,0.024059623,-0.06535339,0.0,0.0,0.0,0.0,0.0,0.2638025,0.26379386,0.5724309,0.6261165,0.6261085,4.0571833,0.0025054934,0.00250868,0.0025040887,0.09013509,0.0,0.0,0.0,0.0,0.0,0.00049151416,0.0057357415,0.012409132,0.0,0.0,0.0,0.0,0.0,0.0
2085975394,0.075637,-0.06649685,-0.15969652,-0.0060253143,-0.08038616,0.0096645355,0.0036858171,0.015345741,0.024059623,0.01406002,0.0,0.0,0.0,0.0,0.0,0.26380584,0.2638037,0.5724524,0.6246612,0.6246476,4.0573792,0.0025054934,0.00250868,0.0025040887,0.09013526,0.0,0.0,0.0,0.0,0.0,0.00037625895,0.002762445,0.0076234723,0.0,0.0,0.0,0.0,0.0,0.0
2086176025,0.11311995,-0.10381873,0.043290675,0.012506008,-0.08454895,-0.33532333,0.0036858171,0.015345741,0.024059623,-0.03527212,0.0,0.0,0.0,0.0,0.0,0.26379502,0.26379725,0.57246405,0.62450266,0.6244856,4.0572085,0.0025054934,0.00250868,0.0025040887,0.09013544,0.0,0.0,0.0,0.0,0.0,0.00033768764,0.006246176,0.015640276,0.0,0.0,0.0,0.0,0.0,0.0
2086380879,0.010894159,-0.09489843,0.051276326,0.011697769,-0.090966225,0.25205612,0.0036858171,0.015345741,0.024059623,-0.023315191,0.0,0.0,0.0,0.0,0.0,0.2638095,0.26381764,0.5724851,0.6245121,0.62449306,4.0574126,0.0025054934,0.00250868,0.0025040887,0.09013555,0.0,0.0,0.0,0.0,0.0,0.00029897905,0.005051622,0.014738254,0.0,0.0,0.0,0.0,0.0,0.0
2086580844,0.09827435,-0.06250618,-0.018562376,0.01850748,-0.09519386,-0.45136452,0.0036858171,0.015345741,0.024059623,0.044089556,0.0,0.0,0.0,0.0,0.0,0.26382938,0.26383835,0.57250303,0.62456226,0.6245425,4.0575967,0.0025054934,0.00250868,0.0025040887,0.09013581,0.0,0.0,0.0,0.0,0.0,0.0003009946,0.004957653,0.011825104,0.0,0.0,0.0,0.0,0.0,0.0
2086785613,0.18088801,-0.06717177,-0.07916707,0.037404537,-0.10204029,-0.6862545,0.0036858171,0.015345741,0.024059623,-0.01160717,0.0,0.0,0.0,0.0,0.0,0.26389778,0.26390916,0.5724675,0.62347484,0.6234553,4.0574827,0.0025054934,0.00250868,0.0025040887,0.090135925,0.0,0.0,0.0,0.0,0.0,0.00040316803,0.010164061,0.025124937,0.0,0.0,0.0,0.0,0.0,0.0
2086986566,0.07656363,-0.085709676,0.041644692,0.033815384,-0.104839325,-0.44032288,0.0036858171,0.015345741,0.024059623,-0.045763493,0.0,0.0,0.0,0.0,0.0,0.26383278,0.2638443,0.5724491,0.62160033,0.62158227,4.0573516,0.0025054934,0.00250868,0.0025040887,0.09013615,0.0,0.0,0.0,0.0,0.0,0.00038498678,0.009884969,0.029477034,0.0,0.0,0.0,0.0,0.0,0.0
2087187317,7.994473e-06,-0.1754046,0.04790002,0.03511429,-0.11458969,-0.5721092,0.0036858171,0.015345741,0.024059623,-0.010559559,0.0,0.0,0.0,0.0,0.0,0.26390174,0.26391095,0.57249373,0.62030476,0.6202883,4.0574536,0.0025054934,0.00250868,0.0025040887,0.090136215,0.0,0.0,0.0,0.0,0.0,0.00064916606,0.009647312,0.03282714,0.0,0.0,0.0,0.0,0.0,0.0
2087388016,-0.13659455,-0.09175491,-0.008472145,0.019809246,-0.1061964,-0.4369526,0.0036858171,0.015345741,0.024059623,-0.0128211975,0.0,0.0,0.0,0.0,0.0,0.26395088,0.26395637,0.5724274,0.62028795,0.6202731,4.0576496,0.0025054934,0.00250868,0.0025040887,0.09013632,0.0,0.0,0.0,0.0,0.0,0.0007338643,0.008755289,0.027110256,0.0,0.0,0.0,0.0,0.0,0.0
2087588881,-0.011644406,-0.14338791,-0.0880878,0.03394556,-0.11701393,-0.94130325,0.0036858171,0.015345741,0.024059623,0.03803563,0.0,0.0,0.0,0.0,0.0,0.2639794,0.2639756,0.5724435,0.62027943,0.62026584,4.057531,0.0025054934,0.00250868,0.0025040887,0.090136625,0.0,0.0,0.0,0.0,0.0,0.00053206075,0.003997768,0.007912875,0.0,0.0,0.0,0.0,0.0,0.0
2087789433,0.122077495,-0.03222865,-0.23999336,0.061558723,-0.11665058,-0.8321743,0.0036858171,0.015345741,0.024059623,-0.045784473,0.0,0.0,0.0,0.0,0.0,0.2639916,0.26398352,0.57245654,0.62173116,0.6217186,4.057424,0.0025054934,0.00250868,0.0025040887,0.090136655,0.0,0.0,0.0,0.0,0.0,0.00035940055,0.003335588,0.006175939,0.0,0.0,0.0,0.0,0.0,0.0
2087994240,0.0779438,0.0237481,-0.060792744,0.07934713,-0.09999943,-0.5683994,0.0036858171,0.015345741,0.024059623,0.023274899,0.0,0.0,0.0,0.0,0.0,0.26390228,0.2639005,0.57243794,0.62138945,0.6213781,4.057679,0.0025054934,0.00250868,0.0025040887,0.09013692,0.0,0.0,0.0,0.0,0.0,0.00028637514,0.008951127,0.024902796,0.0,0.0,0.0,0.0,0.0,0.0
2088194496,0.047951482,-0.03798601,-0.015613377,0.07977724,-0.10394287,0.35235977,0.0036858171,0.015345741,0.024059623,-0.058550358,0.0,0.0,0.0,0.0,0.0,0.26386115,0.26386994,0.5724514,0.61995465,0.6199452,4.057559,0.0025054934,0.00250868,0.0025040887,0.09013709,0.0,0.0,0.0,0.0,0.0,0.00025761648,0.0076531097,0.020942561,0.0,0.0,0.0,0.0,0.0,0.0
2088395355,-0.104398645,-0.065844566,0.07450688,0.05053568,-0.10228443,-0.050022125,0.0036858171,0.015345741,0.024059623,-0.013430834,0.0,0.0,0.0,0.0,0.0,0.26392758,0.26395112,0.5724957,0.62034434,0.6203391,4.0576925,0.0025054934,0.00250868,0.0025040887,0.090137005,0.0,0.0,0.0,0.0,0.0,0.00037944422,0.006671415,0.019375907,0.0,0.0,0.0,0.0,0.0,0.0
2088600131,-0.13609147,0.020759761,0.039551318,0.03980589,-0.09494686,-0.2948494,0.0036858171,0.015345741,0.024059623,-0.0910306,0.0,0.0,0.0,0.0,0.0,0.26388115,0.26390713,0.572497,0.6201502,0.62014985,4.057702,0.0025054934,0.00250868,0.0025040887,0.09013735,0.0,0.0,0.0,0.0,0.0,0.00032328343,0.010879909,0.027386546,0.0,0.0,0.0,0.0,0.0,0.0
2088800669,-0.07227749,-0.107121535,0.023436725,0.027209282,-0.10103035,0.6065788,0.0036858171,0.015345741,0.024059623,-0.092895985,0.0,0.0,0.0,0.0,0.0,0.26380938,0.2638342,0.5725046,0.62014985,0.6201546,4.057843,0.0025054934,0.00250868,0.0025040887,0.0901376,0.0,0.0,0.0,0.0,0.0,0.0003495442,0.0076430524,0.018466217,0.0,0.0,0.0,0.0,0.0,0.0
2089005707,-0.0039344206,-0.07113907,-0.06860268,0.02742672,-0.10547066,0.36670303,0.0036858171,0.015345741,0.024059623,-0.052939415,0.0,0.0,0.0,0.0,0.0,0.26384336,0.26386207,0.57242346,0.62010795,0.62011796,4.0576057,0.0025054934,0.00250868,0.0025040887,0.090137705,0.0,0.0,0.0,0.0,0.0,0.0006810344,0.0034553632,0.00800368,0.0,0.0,0.0,0.0,0.0,0.0
2089206543,-0.027746238,0.008103818,-0.060970306,0.02235508,-0.091407776,-0.6331177,0.0036858171,0.015345741,0.024059623,-0.0461545,0.0,0.0,0.0,0.0,0.0,0.2638416,0.26385635,0.5724302,0.61993957,0.61995405,4.0574894,0.0025054934,0.00250868,0.0025040887,0.09013783,0.0,0.0,0.0,0.0,0.0,0.00021280775,0.004819651,0.010627387,0.0,0.0,0.0,0.0,0.0,0.0
2089407191,0.011763178,-0.017726086,-0.0162822,0.016831398,-0.08405113,-0.29429245,0.0036858171,0.015345741,0.024059623,0.08188748,0.0,0.0,0.0,0.0,0.0,0.26380968,0.26382512,0.5724465,0.6199676,0.619986,4.0574417,0.0025054934,0.00250868,0.0025040887,0.09013827,0.0,0.0,0.0,0.0,0.0,0.0001403677,0.0054220343,0.014211535,0.0,0.0,0.0,0.0,0.0,0.0
2089611284,0.037110507,-0.041432314,0.015355229,0.012996674,-0.08664513,-0.08944702,0.0036858171,0.015345741,0.024059623,-0.012658119,0.0,0.0,0.0,0.0,0.0,0.26385945,0.2638777,0.57241374,0.62034917,0.6203716,4.057609,0.0025054934,0.00250868,0.0025040887,0.090137936,0.0,0.0,0.0,0.0,0.0,0.00018360329,0.005889162,0.017734941,0.0,0.0,0.0,0.0,0.0,0.0
2089812031,-0.059330937,-0.14062917,-0.1488033,-0.013817787,-0.10194111,-0.8892536,0.0036858171,0.015345741,0.024059623,-0.053901196,0.0,0.0,0.0,0.0,0.0,0.26375538,0.26377553,0.5724434,0.61960876,0.6196332,4.057467,0.0025054934,0.00250868,0.0025040887,0.090138346,0.0,0.0,0.0,0.0,0.0,0.00049305597,0.0023549632,0.006406561,0.0,0.0,0.0,0.0,0.0,0.0
2090012634,-0.048326176,-0.17928739,-0.15615237,-0.023843288,-0.10853577,0.47982407,0.0036858171,0.015345741,0.024059623,-0.026817322,0.0,0.0,0.0,0.0,0.0,0.26385024,0.26387185,0.57241243,0.62003636,0.62006396,4.0576515,0.0025054934,0.00250868,0.0025040887,0.09013832,0.0,0.0,0.0,0.0,0.0,0.000522563,0.0059957462,0.014654951,0.0,0.0,0.0,0.0,0.0,0.0
2090618229,0.027902305,-0.015776424,-0.13690394,-0.012077332,-0.109461784,0.06860161,0.0036858171,0.015345741,0.024059623,-0.06963205,0.0,0.0,0.0,0.0,0.0,0.26391658,0.26394048,0.57241106,0.6174738,0.6175042,4.057901,0.0025054934,0.00250868,0.0025040887,0.090138935,0.0,0.0,0.0,0.0,0.0,0.00056107034,0.011683817,0.039969582,0.0,0.0,0.0,0.0,0.0,0.0
2091020032,-0.20651329,-0.018698143,0.082957864,-0.053534985,-0.08629227,-1.1121731,0.0036858171,0.015345741,0.024059623,-0.054199696,0.0,0.0,0.0,0.0,0.0,0.2638313,0.26385477,0.57247317,0.6169095,0.6169395,4.057977,0.0025054934,0.00250868,0.0025040887,0.090139054,0.0,0.0,0.0,0.0,0.0,0.00059533765,0.012875662,0.030592348,0.0,0.0,0.0,0.0,0.0,0.0
2091224867,0.053986922,0.031223763,-0.18765956,-0.03785467,-0.07231331,0.16407204,0.0036858171,0.015345741,0.024059623,0.040783644,0.0,0.0,0.0,0.0,0.0,0.26379204,0.263815,0.57248163,0.6169127,0.6169426,4.057814,0.0025054934,0.00250868,0.0025040887,0.0901393,0.0,0.0,0.0,0.0,0.0,0.00018042506,0.010884995,0.031095551,0.0,0.0,0.0,0.0,0.0,0.0
2091425412,-0.02360773,-0.042492572,-0.16265368,-0.025996685,-0.07314968,0.77053833,0.0036858171,0.015345741,0.024059623,-0.04419756,0.0,0.0,0.0,0.0,0.0,0.26374054,0.2637624,0.5724066,0.61690986,0.6169397,4.057718,0.0025054934,0.00250868,0.0025040887,0.09013947,0.0,0.0,0.0,0.0,0.0,0.00020336462,0.012705082,0.041918557,0.0,0.0,0.0,0.0,0.0,0.0
2091626373,-0.071606964,0.052745573,0.0014615059,-0.03733158,-0.061969757,0.37486267,0.0036858171,0.015345741,0.024059623,-0.09081173,0.0,0.0,0.0,0.0,0.0,0.2636826,0.26370385,0.5724111,0.6167255,0.61675525,4.0579624,0.0025054934,0.00250868,0.0025040887,0.09013958,0.0,0.0,0.0,0.0,0.0,0.00015064201,0.010783606,0.03162029,0.0,0.0,0.0,0.0,0.0,0.0
2091827269,-0.04638961,0.044347197,-0.045713663,-0.02896595,-0.05346775,0.707119,0.0036858171,0.015345741,0.024059623,-0.03924179,0.0,0.0,0.0,0.0,0.0,0.26366124,0.2636811,0.5724186,0.61670303,0.61673284,4.05785,0.0025054934,0.00250868,0.0025040887,0.09013964,0.0,0.0,0.0,0.0,0.0,0.00012704212,0.014547853,0.04429713,0.0,0.0,0.0,0.0,0.0,0.0
2092031268,0.076631755,-0.04014293,-0.10389143,-0.02683878,-0.04645443,-0.11420822,0.0036858171,0.015345741,0.024059623,-0.081442356,0.0,0.0,0.0,0.0,0.0,0.26360518,0.2636252,0.5723935,0.6163598,0.6163892,4.057702,0.0025054934,0.00250868,0.0025040887,0.09013977,0.0,0.0,0.0,0.0,0.0,0.0006333599,0.008401252,0.026497673,0.0,0.0,0.0,0.0,0.0,0.0
2092231819,-0.054162253,0.112449795,-0.1269452,-0.01570654,-0.024353981,0.6060066,0.0036858171,0.015345741,0.024059623,-0.024948835,0.0,0.0,0.0,0.0,0.0,0.2637743,0.26379538,0.57244116,0.6167856,0.61681575,4.0578227,0.0025054934,0.00250868,0.0025040887,0.090139784,0.0,0.0,0.0,0.0,0.0,0.000727434,0.011783192,0.034865223,0.0,0.0,0.0,0.0,0.0,0.0
2092432840,-0.06345887,-0.1179429,-0.11673069,-0.041895866,-0.02168274,1.129116,0.0036858171,0.015345741,0.024059623,-0.025601864,0.0,0.0,0.0,0.0,0.0,0.2637494,0.26377177,0.572421,0.61645204,0.6164822,4.0577564,0.0025054934,0.00250868,0.0025040887,0.090139985,0.0,0.0,0.0,0.0,0.0,0.0012341982,0.00976995,0.03206441,0.0,0.0,0.0,0.0,0.0,0.0
2092633694,-0.1459896,0.057494372,-0.19449848,-0.03669691,-0.017767906,-0.24977112,0.0036858171,0.015345741,0.024059623,-0.06328344,0.0,0.0,0.0,0.0,0.0,0.26379338,0.26381385,0.57243574,0.6180042,0.6180353,4.057595,0.0025054934,0.00250868,0.0025040887,0.09014019,0.0,0.0,0.0,0.0,0.0,0.0012914902,0.010461039,0.025290957,0.0,0.0,0.0,0.0,0.0,0.0
2092834600,0.087922335,0.04830548,-0.1863423,-0.020259857,-0.012369156,0.40021133,0.0036858171,0.015345741,0.024059623,-0.017027617,0.0,0.0,0.0,0.0,0.0,0.2637931,0.26381198,0.57237107,0.61808205,0.6181144,4.0574775,0.0025054934,0.00250868,0.0025040887,0.09014049,0.0,0.0,0.0,0.0,0.0,0.00061787333,0.012737452,0.03541413,0.0,0.0,0.0,0.0,0.0,0.0
2093039204,-0.13690504,0.15059239,-0.21651691,-0.033605576,0.005396843,-0.83753777,0.0036858171,0.015345741,0.024059623,0.06953955,0.0,0.0,0.0,0.0,0.0,0.26375833,0.26378474,0.572389,0.6181099,0.6181434,4.057694,0.0025054934,0.00250868,0.0025040887,0.090141006,0.0,0.0,0.0,0.0,0.0,0.00032985763,0.018030934,0.053755775,0.0,0.0,0.0,0.0,0.0,0.0
2093240070,-0.054672986,-0.017052859,-0.15117002,-0.042960167,0.0041952133,0.23096848,0.0036858171,0.015345741,0.024059623,0.05201125,0.0,0.0,0.0,0.0,0.0,0.26373154,0.263769,0.57240313,0.61816674,0.61820143,4.057712,0.0025054934,0.00250868,0.0025040887,0.09014084,0.0,0.0,0.0,0.0,0.0,0.00018318035,0.01520438,0.050213672,0.0,0.0,0.0,0.0,0.0,0.0
2093440909,0.13428548,-0.06374648,-0.1080811,-0.012504101,-0.008934021,-0.37372208,0.0036858171,0.015345741,0.024059623,0.026008368,0.0,0.0,0.0,0.0,0.0,0.26376975,0.26381192,0.5724436,0.61839885,0.6184349,4.057589,0.0025054934,0.00250868,0.0025040887,0.09014087,0.0,0.0,0.0,0.0,0.0,0.00018961898,0.017028108,0.058723234,0.0,0.0,0.0,0.0,0.0,0.0
2093640853,-0.0043562055,-0.01240883,-0.03765899,-0.015388489,-0.0062208176,-0.028642654,0.0036858171,0.015345741,0.024059623,-0.060452938,0.0,0.0,0.0,0.0,0.0,0.26373637,0.26377356,0.57245684,0.6199077,0.6199446,4.0577416,0.0025054934,0.00250868,0.0025040887,0.090140834,0.0,0.0,0.0,0.0,0.0,0.00036841174,0.016595539,0.059127744,0.0,0.0,0.0,0.0,0.0,0.0
2093845693,-0.21668972,-0.03722865,-0.012593508,-0.03292799,-0.01271534,-0.1455288,0.0036858171,0.015345741,0.024059623,0.005709648,0.0,0.0,0.0,0.0,0.0,0.26369402,0.26371953,0.5724338,0.61958206,0.6196186,4.0579057,0.0025054934,0.00250868,0.0025040887,0.09014065,0.0,0.0,0.0,0.0,0.0,0.00030280722,0.01798171,0.06448502,0.0,0.0,0.0,0.0,0.0,0.0
2094046240,0.0021967888,0.06492902,-0.16687053,-0.033754826,-0.0066022873,-0.1410656,0.0036858171,0.015345741,0.024059623,-0.095963955,0.0,0.0,0.0,0.0,0.0,0.26381898,0.2638249,0.57244855,0.6196649,0.61969995,4.057729,0.0025054934,0.00250868,0.0025040887,0.09014057,0.0,0.0,0.0,0.0,0.0,0.00022744009,0.023537245,0.08066646,0.0,0.0,0.0,0.0,0.0,0.0
2094247297,-0.13864616,0.072837904,-0.095264494,-0.052276134,0.0087070465,-1.2332764,0.0036858171,0.015345741,0.024059623,-0.01688528,0.0,0.0,0.0,0.0,0.0,0.26393813,0.26393318,0.57241076,0.620076,0.6201079,4.057649,0.0025054934,0.00250868,0.0025040887,0.0901406,0.0,0.0,0.0,0.0,0.0,0.00024529736,0.018501163,0.06278423,0.0,0.0,0.0,0.0,0.0,0.0
2094452095,-0.09884828,0.079351276,0.011108696,-0.07013464,0.014562607,0.08916092,0.0036858171,0.015345741,0.024059623,0.06901908,0.0,0.0,0.0,0.0,0.0,0.26391882,0.26391178,0.5723927,0.61975944,0.6197859,4.057532,0.0025054934,0.00250868,0.0025040887,0.090140894,0.0,0.0,0.0,0.0,0.0,0.00041818645,0.008988324,0.02899053,0.0,0.0,0.0,0.0,0.0,0.0
2094652916,-0.039577145,0.095575154,-0.087489724,-0.06326294,0.014072418,-0.8549881,0.0036858171,0.015345741,0.024059623,0.06262326,0.0,0.0,0.0,0.0,0.0,0.26392892,0.26393,0.5724118,0.61983895,0.6198597,4.0575686,0.0025054934,0.00250868,0.0025040887,0.090141155,0.0,0.0,0.0,0.0,0.0,0.00023148836,0.010074589,0.031275064,0.0,0.0,0.0,0.0,0.0,0.0
2094857601,-0.14596735,-0.050536692,-0.013039112,-0.057640553,-0.008303642,-0.31386566,0.0036858171,0.015345741,0.024059623,-0.021672964,0.0,0.0,0.0,0.0,0.0,0.26394677,0.26396346,0.5724452,0.622818,0.6228298,4.0578074,0.0025054934,0.00250868,0.0025040887,0.09014137,0.0,0.0,0.0,0.0,0.0,0.00038310597,0.010903193,0.023704866,0.0,0.0,0.0,0.0,0.0,0.0
2095057361,-0.14841396,0.09545393,0.010106623,-0.060186386,-0.0015583038,-0.54249763,0.0036858171,0.015345741,0.024059623,-0.03535509,0.0,0.0,0.0,0.0,0.0,0.26395136,0.2639705,0.57237875,0.62292683,0.6229361,4.057682,0.0025054934,0.00250868,0.0025040887,0.09014124,0.0,0.0,0.0,0.0,0.0,0.00066856656,0.014755,0.032517064,0.0,0.0,0.0,0.0,0.0,0.0
2095258758,-0.008911952,0.061223857,0.18667692,-0.05179453,-0.0022611618,0.011926651,0.0036858171,0.015345741,0.024059623,-0.020592451,0.0,0.0,0.0,0.0,0.0,0.26397184,0.263986,0.5723973,0.6245216,0.6245296,4.0575705,0.0025054934,0.00250868,0.0025040887,0.09014135,0.0,0.0,0.0,0.0,0.0,0.00043559735,0.008055715,0.016682234,0.0,0.0,0.0,0.0,0.0,0.0
2095459195,-0.044349663,0.02211161,0.0043812394,-0.041864395,-0.0024967194,0.13649368,0.0036858171,0.015345741,0.024059623,0.014016151,0.0,0.0,0.0,0.0,0.0,0.26398578,0.26399383,0.5724136,0.62608486,0.62609214,4.0577245,0.0025054934,0.00250868,0.0025040887,0.090141386,0.0,0.0,0.0,0.0,0.0,0.00023372455,0.0050877966,0.010520665,0.0,0.0,0.0,0.0,0.0,0.0
2095660040,-0.03844375,0.015067281,0.09044361,-0.024700165,-0.0033683777,-0.8350258,0.0036858171,0.015345741,0.024059623,-0.030644417,0.0,0.0,0.0,0.0,0.0,0.26401156,0.26401383,0.5724307,0.6261998,0.6262066,4.0576577,0.0025054934,0.00250868,0.0025040887,0.09014141,0.0,0.0,0.0,0.0,0.0,0.00029373236,0.0028297985,0.00545431,0.0,0.0,0.0,0.0,0.0,0.0
2095860797,-0.068663195,-0.011914946,0.10750696,-0.026659012,-0.009326935,1.0405464,0.0036858171,0.015345741,0.024059623,-0.050070286,0.0,0.0,0.0,0.0,0.0,0.26401263,0.2640104,0.5723671,0.6262983,0.6263047,4.0575504,0.0025054934,0.00250868,0.0025040887,0.09014172,0.0,0.0,0.0,0.0,0.0,0.00048975257,0.008117179,0.021958208,0.0,0.0,0.0,0.0,0.0,0.0
2096061631,-0.19372137,0.12023505,0.093669176,-0.029779911,0.0029335022,-0.61959267,0.0036858171,0.015345741,0.024059623,-0.03210926,0.0,0.0,0.0,0.0,0.0,0.2639801,0.26397285,0.5723882,0.62637675,0.6263825,4.057456,0.0025054934,0.00250868,0.0025040887,0.09014196,0.0,0.0,0.0,0.0,0.0,0.00046956094,0.011355843,0.018261028,0.0,0.0,0.0,0.0,0.0,0.0
2096262549,0.09599235,0.13930023,0.11512923,-0.01308012,0.02188778,0.43172455,0.0036858171,0.015345741,0.024059623,-0.010949135,0.0,0.0,0.0,0.0,0.0,0.26395682,0.2639469,0.57241046,0.6264435,0.62644833,4.057427,0.0025054934,0.00250868,0.0025040887,0.09014209,0.0,0.0,0.0,0.0,0.0,0.00034797934,0.011497299,0.020908516,0.0,0.0,0.0,0.0,0.0,0.0
2096466443,0.07440109,0.1329174,0.062383175,0.00079250336,0.026771545,0.13449669,0.0036858171,0.015345741,0.024059623,0.018550873,0.0,0.0,0.0,0.0,0.0,0.2639671,0.26395342,0.5723741,0.626679,0.62668264,4.057474,0.0025054934,0.00250868,0.0025040887,0.09014213,0.0,0.0,0.0,0.0,0.0,0.00042667153,0.0151878055,0.028267486,0.0,0.0,0.0,0.0,0.0,0.0
2096671221,0.13506734,0.023592219,-0.043614447,0.012904644,0.024609566,1.2932663,0.0036858171,0.015345741,0.024059623,-0.07101822,0.0,0.0,0.0,0.0,0.0,0.2639228,0.26390487,0.5724403,0.62630045,0.6263026,4.057645,0.0025054934,0.00250868,0.0025040887,0.090142146,0.0,0.0,0.0,0.0,0.0,0.00050382805,0.023071239,0.06297767,0.0,0.0,0.0,0.0,0.0,0.0
2096871753,0.116505474,-0.0022607148,-0.016343713,0.025281906,0.025179863,0.46097183,0.0036858171,0.015345741,0.024059623,0.0036273003,0.0,0.0,0.0,0.0,0.0,0.26389834,0.26388073,0.5724491,0.6261879,0.6261883,4.0576787,0.0025054934,0.00250868,0.0025040887,0.09014243,0.0,0.0,0.0,0.0,0.0,0.00046848573,0.026275354,0.07713139,0.0,0.0,0.0,0.0,0.0,0.0
2097072999,0.10312158,-0.006940365,0.057196528,0.04572773,0.016996384,0.46567154,0.0036858171,0.015345741,0.024059623,0.090247154,0.0,0.0,0.0,0.0,0.0,0.26388702,0.26387322,0.57238257,0.62626374,0.6262621,4.0570436,0.0025054934,0.00250868,0.0025040887,0.09014289,0.0,0.0,0.0,0.0,0.0,0.0004005716,0.024588456,0.07063699,0.0,0.0,0.0,0.0,0.0,0.0
2097273653,0.020760417,-0.01105541,-0.07179803,0.04965782,0.008626938,-1.0784245,0.0036858171,0.015345741,0.024059623,-0.066064835,0.0,0.0,0.0,0.0,0.0,0.26383924,0.26383165,0.5724003,0.62632596,0.6263229,4.056952,0.0025054934,0.00250868,0.0025040887,0.09014269,0.0,0.0,0.0,0.0,0.0,0.00025868436,0.012038557,0.027312519,0.0,0.0,0.0,0.0,0.0,0.0
2097474446,-0.21756291,0.07047365,-0.022218883,0.021698952,0.007525444,-0.1120739,0.0036858171,0.015345741,0.024059623,-0.00013637543,0.0,0.0,0.0,0.0,0.0,0.2638179,0.26381552,0.57241833,0.62637,0.6263665,4.057452,0.0025054934,0.00250868,0.0025040887,0.09014258,0.0,0.0,0.0,0.0,0.0,0.0002214228,0.003820381,0.005466567,0.0,0.0,0.0,0.0,0.0,0.0
2097678525,-0.16419375,0.0023202356,-0.088466465,-0.00016355515,-0.002064705,1.4634895,0.0036858171,0.015345741,0.024059623,-0.06434679,0.0,0.0,0.0,0.0,0.0,0.26381773,0.26382005,0.57243526,0.6264064,0.62640303,4.0576515,0.0025054934,0.00250868,0.0025040887,0.09014253,0.0,0.0,0.0,0.0,0.0,0.00044685637,0.008934884,0.012312717,0.0,0.0,0.0,0.0,0.0,0.0
2097879217,-0.12584391,-0.06611471,-0.18362635,-0.00835371,-0.015684128,0.10728645,0.0036858171,0.015345741,0.024059623,-0.0407362,0.0,0.0,0.0,0.0,0.0,0.26381323,0.2638192,0.5723676,0.6264017,0.6263991,4.0570254,0.0025054934,0.00250868,0.0025040887,0.090142645,0.0,0.0,0.0,0.0,0.0,0.0005687721,0.012665406,0.022554953,0.0,0.0,0.0,0.0,0.0,0.0
2098080027,-0.049059786,0.07397638,-0.019819856,0.00649786,-0.008797646,0.40989685,0.0036858171,0.015345741,0.024059623,-0.013650656,0.0,0.0,0.0,0.0,0.0,0.26383123,0.26384008,0.5723883,0.6264705,0.6264689,4.0569353,0.0025054934,0.00250868,0.0025040887,0.090142794,0.0,0.0,0.0,0.0,0.0,0.0003519357,0.006289351,0.011779739,0.0,0.0,0.0,0.0,0.0,0.0
2098280847,0.093924925,-0.048306435,0.1093598,0.03594637,-0.022902489,0.12417221,0.0036858171,0.015345741,0.024059623,-0.05260229,0.0,0.0,0.0,0.0,0.0,0.2637885,0.26379913,0.57240367,0.62645304,0.6264526,4.0570927,0.0025054934,0.00250868,0.0025040887,0.09014289,0.0,0.0,0.0,0.0,0.0,0.000121824094,0.012561077,0.03475007,0.0,0.0,0.0,0.0,0.0,0.0
2098481610,-0.029285848,-0.090854555,-0.11255944,0.025601387,-0.03710842,0.28079605,0.0036858171,0.015345741,0.024059623,0.09583974,0.0,0.0,0.0,0.0,0.0,0.26377752,0.2637884,0.57241654,0.6264699,0.62647086,4.057259,0.0025054934,0.00250868,0.0025040887,0.09014322,0.0,0.0,0.0,0.0,0.0,0.00042048434,0.013459843,0.03961649,0.0,0.0,0.0,0.0,0.0,0.0
2098682216,-0.09622045,-0.011714339,-0.095612705,0.029763699,-0.05723667,0.3904953,0.0036858171,0.015345741,0.024059623,0.03195262,0.0,0.0,0.0,0.0,0.0,0.2637301,0.26373765,0.5724216,0.6262972,0.6262994,4.057272,0.0025054934,0.00250868,0.0025040887,0.09014337,0.0,0.0,0.0,0.0,0.0,0.00056725106,0.007632816,0.02103101,0.0,0.0,0.0,0.0,0.0,0.0
2098883337,0.028758474,0.12412202,0.027580261,0.038346767,-0.051631927,-0.14133644,0.0036858171,0.015345741,0.024059623,0.024698257,0.0,0.0,0.0,0.0,0.0,0.26375955,0.2637632,0.5724334,0.62632704,0.6263301,4.057424,0.0025054934,0.00250868,0.0025040887,0.090143055,0.0,0.0,0.0,0.0,0.0,5.599787e-05,0.0038300867,0.012084924,0.0,0.0,0.0,0.0,0.0,0.0
2099083998,0.1314386,0.016855538,-0.017782986,0.05292225,-0.052955627,0.1397934,0.0036858171,0.015345741,0.024059623,0.040378332,0.0,0.0,0.0,0.0,0.0,0.26381227,0.2638176,0.57244354,0.62785983,0.62786335,4.057337,0.0025054934,0.00250868,0.0025040887,0.090143055,0.0,0.0,0.0,0.0,0.0,0.00031827658,0.010864809,0.022424215,0.0,0.0,0.0,0.0,0.0,0.0
2099287828,-0.038601704,0.0020044148,0.09442234,0.0637784,-0.068330765,0.53686905,0.0036858171,0.015345741,0.024059623,-0.059815884,0.0,0.0,0.0,0.0,0.0,0.263813,0.26382107,0.5724477,0.6277317,0.6277355,4.057341,0.0025054934,0.00250868,0.0025040887,0.0901432,0.0,0.0,0.0,0.0,0.0,0.00034513272,0.0070368666,0.018082261,0.0,0.0,0.0,0.0,0.0,0.0
2099488855,-0.2035674,-0.040997304,0.12975359,0.055816174,-0.08142471,-0.41763687,0.0036858171,0.015345741,0.024059623,0.005676985,0.0,0.0,0.0,0.0,0.0,0.26388416,0.26389033,0.57240665,0.63113385,0.6311381,4.0574565,0.0025054934,0.00250868,0.0025040887,0.090143286,0.0,0.0,0.0,0.0,0.0,0.0003215208,0.00886407,0.024496678,0.0,0.0,0.0,0.0,0.0,0.0
2099689736,-0.15947571,0.16673198,0.12350461,0.041181087,-0.067359924,-0.46619034,0.0036858171,0.015345741,0.024059623,0.008922577,0.0,0.0,0.0,0.0,0.0,0.2639155,0.26391727,0.57241696,0.63269484,0.63269925,4.0573096,0.0025054934,0.00250868,0.0025040887,0.09014332,0.0,0.0,0.0,0.0,0.0,0.0006060032,0.009294857,0.019277735,0.0,0.0,0.0,0.0,0.0,0.0
2099890364,0.09849717,0.16628574,-0.049771845,0.05704832,-0.05729866,0.1443367,0.0036858171,0.015345741,0.024059623,-0.0214355,0.0,0.0,0.0,0.0,0.0,0.26392996,0.26392424,0.57243085,0.63276434,0.63276863,4.057232,0.0025054934,0.00250868,0.0025040887,0.09014352,0.0,0.0,0.0,0.0,0.0,0.0006404781,0.009725549,0.020492582,0.0,0.0,0.0,0.0,0.0,0.0
2100091307,0.06622214,-0.033939347,-0.0013478994,0.063591,-0.07267952,0.5547447,0.0036858171,0.015345741,0.024059623,-0.036481857,0.0,0.0,0.0,0.0,0.0,0.263862,0.26385048,0.57241195,0.6324577,0.63246113,4.0573883,0.0025054934,0.00250868,0.0025040887,0.0901437,0.0,0.0,0.0,0.0,0.0,0.00048324087,0.0072728903,0.01594377,0.0,0.0,0.0,0.0,0.0,0.0
2100292026,-0.0854311,-0.056029692,-0.04355192,0.050053596,-0.090148926,-0.6530342,0.0036858171,0.015345741,0.024059623,-0.06650782,0.0,0.0,0.0,0.0,0.0,0.2638906,0.26387486,0.5724261,0.63255036,0.6325525,4.0572515,0.0025054934,0.00250868,0.0025040887,0.090143725,0.0,0.0,0.0,0.0,0.0,0.00040438332,0.00616739,0.01659109,0.0,0.0,0.0,0.0,0.0,0.0
2100492827,-0.12274695,0.07769713,0.042114556,0.041866302,-0.09031868,-0.43053818,0.0036858171,0.015345741,0.024059623,0.0827198,0.0,0.0,0.0,0.0,0.0,0.26388726,0.26387194,0.5723597,0.6326314,0.6326319,4.057129,0.0025054934,0.00250868,0.0025040887,0.090143934,0.0,0.0,0.0,0.0,0.0,0.0004347043,0.0067838505,0.020349598,0.0,0.0,0.0,0.0,0.0,0.0
2100692833,-0.074456215,-0.0430575,-0.01514101,0.029737473,-0.09140873,0.57242966,0.0036858171,0.015345741,0.024059623,-0.0011792183,0.0,0.0,0.0,0.0,0.0,0.2638181,0.26380715,0.57234454,0.63083196,0.6308308,4.057076,0.0025054934,0.00250868,0.0025040887,0.090144105,0.0,0.0,0.0,0.0,0.0,0.00025061323,0.006078625,0.014474624,0.0,0.0,0.0,0.0,0.0,0.0
2100893681,0.014184177,0.041361228,-0.12469131,0.027851105,-0.08641529,-1.0273895,0.0036858171,0.015345741,0.024059623,0.07305813,0.0,0.0,0.0,0.0,0.0,0.26383033,0.26382586,0.572395,0.63123626,0.6312337,4.057251,0.0025054934,0.00250868,0.0025040887,0.09014419,0.0,0.0,0.0,0.0,0.0,0.0004849369,0.012019107,0.03589638,0.0,0.0,0.0,0.0,0.0,0.0
2101098452,-0.10431863,-0.00604333,0.020569801,0.009580135,-0.08735371,0.8695183,0.0036858171,0.015345741,0.024059623,-0.033884525,0.0,0.0,0.0,0.0,0.0,0.26380175,0.26380545,0.5724091,0.6312588,0.6312555,4.057373,0.0025054934,0.00250868,0.0025040887,0.090144165,0.0,0.0,0.0,0.0,0.0,0.00024854392,0.006633309,0.017490514,0.0,0.0,0.0,0.0,0.0,0.0
2101299023,-0.035096496,0.0799774,-0.14666098,0.0123848915,-0.07146835,1.06781,0.0036858171,0.015345741,0.024059623,-0.0031590462,0.0,0.0,0.0,0.0,0.0,0.26386577,0.2638707,0.57244694,0.6314618,0.6314585,4.057369,0.0025054934,0.00250868,0.0025040887,0.09014415,0.0,0.0,0.0,0.0,0.0,0.00014552471,0.009690192,0.03402061,0.0,0.0,0.0,0.0,0.0,0.0
2101499993,0.024507172,0.051917467,-0.16840422,0.0070738792,-0.062654495,-0.19112015,0.0036858171,0.015345741,0.024059623,-0.110051155,0.0,0.0,0.0,0.0,0.0,0.2638924,0.26389468,0.5724226,0.63110787,0.631105,4.057501,0.0025054934,0.00250868,0.0025040887,0.09014407,0.0,0.0,0.0,0.0,0.0,0.00054373406,0.008180887,0.031173063,0.0,0.0,0.0,0.0,0.0,0.0
2101700810,-0.17093311,-0.05074107,-0.1710937,-0.002919674,-0.07348442,-0.6317177,0.0036858171,0.015345741,0.024059623,-0.036490917,0.0,0.0,0.0,0.0,0.0,0.2639141,0.26391175,0.572429,0.6309878,0.6309849,4.057496,0.0025054934,0.00250868,0.0025040887,0.09014431,0.0,0.0,0.0,0.0,0.0,0.00097598595,0.013529594,0.031025218,0.0,0.0,0.0,0.0,0.0,0.0
2101901422,-0.1475022,0.048972234,-0.1397661,-0.0063271523,-0.056441307,0.24395752,0.0036858171,0.015345741,0.024059623,-0.03063631,0.0,0.0,0.0,0.0,0.0,0.26404214,0.2640356,0.57247484,0.6299311,0.6299275,4.05763,0.0025054934,0.00250868,0.0025040887,0.0901444,0.0,0.0,0.0,0.0,0.0,0.00096791354,0.013204684,0.030318288,0.0,0.0,0.0,0.0,0.0,0.0
2102105639,-0.020451717,-0.12293343,-0.14712352,-0.0024905205,-0.083595276,-0.49223518,0.0036858171,0.015345741,0.024059623,-0.11835909,0.0,0.0,0.0,0.0,0.0,0.26395524,0.26394856,0.5724502,0.6295746,0.62957054,4.0575137,0.0025054934,0.00250868,0.0025040887,0.090144366,0.0,0.0,0.0,0.0,0.0,0.00050600246,0.016208427,0.046709605,0.0,0.0,0.0,0.0,0.0,0.0
2102306418,-0.08171804,-0.07728365,-0.07361871,-0.0052022934,-0.08372402,-0.23589706,0.0036858171,0.015345741,0.024059623,-0.0462842,0.0,0.0,0.0,0.0,0.0,0.2639943,0.26398805,0.5724117,0.62995005,0.62994534,4.0573664,0.0025054934,0.00250868,0.0025040887,0.09014434,0.0,0.0,0.0,0.0,0.0,0.0005862664,0.014651923,0.041340012,0.0,0.0,0.0,0.0,0.0,0.0
2102507207,-0.0861768,0.049318403,0.008888006,0.00020360947,-0.07495403,-0.49370193,0.0036858171,0.015345741,0.024059623,-0.0017821789,0.0,0.0,0.0,0.0,0.0,0.26399258,0.26399028,0.57242656,0.62995017,0.6299453,4.057205,0.0025054934,0.00250868,0.0025040887,0.09014446,0.0,0.0,0.0,0.0,0.0,0.00043204764,0.010322544,0.033698846,0.0,0.0,0.0,0.0,0.0,0.0
2102707825,-0.07669924,0.016067684,0.019174129,0.0018520355,-0.062999725,-0.10492325,0.0036858171,0.015345741,0.024059623,-0.055030346,0.0,0.0,0.0,0.0,0.0,0.26393884,0.26393986,0.57241,0.6295862,0.62958163,4.057366,0.0025054934,0.00250868,0.0025040887,0.09014452,0.0,0.0,0.0,0.0,0.0,0.0006639166,0.004725451,0.012657974,0.0,0.0,0.0,0.0,0.0,0.0
2102908985,-0.04821045,-0.039247856,0.17492035,0.013533592,-0.07760906,0.4261818,0.0036858171,0.015345741,0.024059623,-0.06042242,0.0,0.0,0.0,0.0,0.0,0.2639787,0.26398215,0.5724256,0.6311431,0.63113916,4.057285,0.0025054934,0.00250868,0.0025040887,0.09014465,0.0,0.0,0.0,0.0,0.0,0.00065678894,0.003853871,0.009529105,0.0,0.0,0.0,0.0,0.0,0.0
2103109644,-0.19289224,0.0079005435,0.0642125,0.0041360855,-0.07337952,-0.29457855,0.0036858171,0.015345741,0.024059623,0.036518097,0.0,0.0,0.0,0.0,0.0,0.2639927,0.2639972,0.57236016,0.6312047,0.63120186,4.0571632,0.0025054934,0.00250868,0.0025040887,0.09014468,0.0,0.0,0.0,0.0,0.0,0.00058711134,0.009954616,0.02955334,0.0,0.0,0.0,0.0,0.0,0.0
2103310484,0.03396248,0.094070435,-0.10383436,0.0041971207,-0.06875706,-0.89904404,0.0036858171,0.015345741,0.024059623,0.015347242,0.0,0.0,0.0,0.0,0.0,0.26393548,0.26394027,0.5724261,0.63240033,0.6323987,4.0573206,0.0025054934,0.00250868,0.0025040887,0.090144694,0.0,0.0,0.0,0.0,0.0,0.0003518753,0.003170953,0.008337994,0.0,0.0,0.0,0.0,0.0,0.0
2103511003,-0.010001149,0.11938836,-0.11063048,0.013282299,-0.053081512,-0.72143173,0.0036858171,0.015345741,0.024059623,-0.07548761,0.0,0.0,0.0,0.0,0.0,0.26400632,0.26401013,0.57239294,0.6328373,0.6328371,4.0571976,0.0025054934,0.00250868,0.0025040887,0.09014483,0.0,0.0,0.0,0.0,0.0,0.00056664686,0.0070215375,0.013266695,0.0,0.0,0.0,0.0,0.0,0.0
2103711184,-0.18264192,0.12547183,0.0076493323,0.024326324,-0.04179573,-0.7924061,0.0036858171,0.015345741,0.024059623,0.009177208,0.0,0.0,0.0,0.0,0.0,0.26397207,0.26397467,0.5724069,0.6327471,0.6327481,4.0570006,0.0025054934,0.00250868,0.0025040887,0.090144835,0.0,0.0,0.0,0.0,0.0,0.00049445615,0.014223895,0.037676785,0.0,0.0,0.0,0.0,0.0,0.0
2103915824,-0.18030286,0.06595684,0.06721115,0.01650858,-0.024102211,0.2406578,0.0036858171,0.015345741,0.024059623,-0.07816696,0.0,0.0,0.0,0.0,0.0,0.26393852,0.2639402,0.5724265,0.63277143,0.6327735,4.0571594,0.0025054934,0.00250868,0.0025040887,0.090145,0.0,0.0,0.0,0.0,0.0,0.00043487185,0.010512664,0.022619722,0.0,0.0,0.0,0.0,0.0,0.0
2104116826,0.033820964,0.10585595,0.014947385,0.01723528,-0.013258934,-0.38655472,0.0036858171,0.015345741,0.024059623,-0.01655817,0.0,0.0,0.0,0.0,0.0,0.2639758,0.26397595,0.5723904,0.63150555,0.63150847,4.057205,0.0025054934,0.00250868,0.0025040887,0.09014514,0.0,0.0,0.0,0.0,0.0,0.00034171832,0.008046396,0.01709417,0.0,0.0,0.0,0.0,0.0,0.0
2104317397,0.15160806,-0.041880056,-0.019572943,0.04127884,-0.018811226,0.2440033,0.0036858171,0.015345741,0.024059623,-0.0094947815,0.0,0.0,0.0,0.0,0.0,0.26392898,0.26392815,0.5723742,0.6296485,0.6296519,4.0571012,0.0025054934,0.00250868,0.0025040887,0.09014507,0.0,0.0,0.0,0.0,0.0,0.0004358503,0.011234795,0.022646822,0.0,0.0,0.0,0.0,0.0,0.0
2104518499,-0.26372075,0.07405381,0.028653532,0.025660515,-0.011366844,0.7197647,0.0036858171,0.015345741,0.024059623,-0.07725906,0.0,0.0,0.0,0.0,0.0,0.26392204,0.26391974,0.5723942,0.6296828,0.6296864,4.057065,0.0025054934,0.00250868,0.0025040887,0.09014502,0.0,0.0,0.0,0.0,0.0,0.00036896265,0.0072160778,0.01890154,0.0,0.0,0.0,0.0,0.0,0.0
2104719057,-0.12244658,0.12351213,0.03151551,0.020179272,0.006593704,-0.4974823,0.0036858171,0.015345741,0.024059623,-0.07152605,0.0,0.0,0.0,0.0,0.0,0.2639135,0.26391116,0.57241267,0.62971264,0.6297164,4.057192,0.0025054934,0.00250868,0.0025040887,0.090144984,0.0,0.0,0.0,0.0,0.0,0.00045893976,0.011833217,0.032308575,0.0,0.0,0.0,0.0,0.0,0.0
2104923796,-0.018195974,0.06476994,0.008423924,0.020015717,0.019450188,1.4130669,0.0036858171,0.015345741,0.024059623,-0.05089426,0.0,0.0,0.0,0.0,0.0,0.26387864,0.2638762,0.57242453,0.62819654,0.6282002,4.057402,0.0025054934,0.00250868,0.0025040887,0.09014496,0.0,0.0,0.0,0.0,0.0,0.00030280036,0.020764764,0.06653844,0.0,0.0,0.0,0.0,0.0,0.0
2105127815,0.13869283,-0.11315483,-0.035539746,0.0250988,0.0039720535,-0.5938225,0.0036858171,0.015345741,0.024059623,0.057160616,0.0,0.0,0.0,0.0,0.0,0.26384914,0.26384676,0.572439,0.62819546,0.6281988,4.0572777,0.0025054934,0.00250868,0.0025040887,0.09014489,0.0,0.0,0.0,0.0,0.0,0.00020638012,0.01036433,0.026344102,0.0,0.0,0.0,0.0,0.0,0.0
2105328958,-0.04401291,-0.026887625,0.08256203,0.026808262,0.0071172714,0.17057037,0.0036858171,0.015345741,0.024059623,0.003891945,0.0,0.0,0.0,0.0,0.0,0.26384777,0.2638465,0.5724542,0.6281946,0.62819767,4.0574083,0.0025054934,0.00250868,0.0025040887,0.09014488,0.0,0.0,0.0,0.0,0.0,0.00019227181,0.0072662793,0.019586597,0.0,0.0,0.0,0.0,0.0,0.0
2105529593,-0.08927494,0.048027024,0.20812783,0.012059212,0.012909889,-0.30033875,0.0036858171,0.015345741,0.024059623,0.013885021,0.0,0.0,0.0,0.0,0.0,0.26383933,0.26383942,0.5724657,0.62669486,0.6266977,4.0575447,0.0025054934,0.00250868,0.0025040887,0.09014502,0.0,0.0,0.0,0.0,0.0,9.566304e-05,0.000845816,0.0057881908,0.0,0.0,0.0,0.0,0.0,0.0
2105730416,0.060900852,0.031701416,0.09399092,0.012106895,0.013036728,-0.95658875,0.0036858171,0.015345741,0.024059623,-0.08907795,0.0,0.0,0.0,0.0,0.0,0.2638297,0.263833,0.5723937,0.6266754,0.6266783,4.05745,0.0025054934,0.00250868,0.0025040887,0.09014501,0.0,0.0,0.0,0.0,0.0,0.0006098207,0.004677954,0.009812516,0.0,0.0,0.0,0.0,0.0,0.0
2105935028,-0.1715697,0.11780633,0.039712667,0.0072755814,0.026680946,-0.3805275,0.0036858171,0.015345741,0.024059623,-0.05176115,0.0,0.0,0.0,0.0,0.0,0.263783,0.2637877,0.57237464,0.62629634,0.6262994,4.0576067,0.0025054934,0.00250868,0.0025040887,0.09014501,0.0,0.0,0.0,0.0,0.0,0.0005781316,0.006102962,0.015152069,0.0,0.0,0.0,0.0,0.0,0.0
2106136023,-0.04318204,0.077228785,-0.06327301,-0.005142212,0.029183388,0.17764664,0.0036858171,0.015345741,0.024059623,-0.003471136,0.0,0.0,0.0,0.0,0.0,0.2637572,0.26376083,0.57238567,0.62628454,0.6262883,4.057318,0.0025054934,0.00250868,0.0025040887,0.09014496,0.0,0.0,0.0,0.0,0.0,0.00067878404,0.008667575,0.024077086,0.0,0.0,0.0,0.0,0.0,0.0
2106336596,-0.02964279,0.06014292,-0.04036522,-0.009529114,0.027727127,0.2026596,0.0036858171,0.015345741,0.024059623,0.0026590824,0.0,0.0,0.0,0.0,0.0,0.26378766,0.26378646,0.57243025,0.6265269,0.62653154,4.057524,0.0025054934,0.00250868,0.0025040887,0.09014495,0.0,0.0,0.0,0.0,0.0,0.00068631914,0.0064762062,0.018683298,0.0,0.0,0.0,0.0,0.0,0.0
2106537634,0.02834852,0.009634003,-0.0022943616,-0.0064077377,0.03313446,0.0028381348,0.0036858171,0.015345741,0.024059623,-0.03528166,0.0,0.0,0.0,0.0,0.0,0.26384863,0.26384053,0.572389,0.62670654,0.6267116,4.057534,0.0025054934,0.00250868,0.0025040887,0.090144925,0.0,0.0,0.0,0.0,0.0,0.00031764785,0.008970119,0.027292151,0.0,0.0,0.0,0.0,0.0,0.0
2106737422,-0.0010893121,0.077088356,-0.08401507,-0.009121418,0.041794777,0.46145248,0.0036858171,0.015345741,0.024059623,-0.055179596,0.0,0.0,0.0,0.0,0.0,0.26386058,0.26385298,0.57240176,0.6266519,0.62665683,4.057549,0.0025054934,0.00250868,0.0025040887,0.09014505,0.0,0.0,0.0,0.0,0.0,0.0005215942,0.0077890283,0.020840388,0.0,0.0,0.0,0.0,0.0,0.0
2106938200,0.009353898,-0.28723222,-0.040365458,0.0051755905,0.008881569,-1.124937,0.0036858171,0.015345741,0.024059623,0.030282497,0.0,0.0,0.0,0.0,0.0,0.263854,0.26384854,0.5724089,0.6279654,0.62796986,4.0573883,0.0025054934,0.00250868,0.0025040887,0.09014502,0.0,0.0,0.0,0.0,0.0,0.0006274718,0.011050551,0.019244669,0.0,0.0,0.0,0.0,0.0,0.0
2107143040,0.0771216,0.0109396875,0.0548985,0.00666523,0.0044984818,0.2514801,0.0036858171,0.015345741,0.024059623,0.050745487,0.0,0.0,0.0,0.0,0.0,0.26386404,0.2638641,0.5724241,0.6279948,0.6279988,4.0573244,0.0025054934,0.00250868,0.0025040887,0.090145014,0.0,0.0,0.0,0.0,0.0,0.0004990097,0.008019915,0.014767144,0.0,0.0,0.0,0.0,0.0,0.0
2107344046,-0.15223424,0.029061459,0.13474005,-0.00482893,0.0085840225,0.5051651,0.0036858171,0.015345741,0.024059623,-0.020768166,0.0,0.0,0.0,0.0,0.0,0.26389557,0.26389864,0.5724407,0.62803185,0.62803566,4.057218,0.0025054934,0.00250868,0.0025040887,0.09014508,0.0,0.0,0.0,0.0,0.0,0.00023514638,0.0058887624,0.0154424645,0.0,0.0,0.0,0.0,0.0,0.0
2107548828,-0.023971546,0.044407755,-0.0061509013,-0.008904457,0.018662453,-0.028251648,0.0036858171,0.015345741,0.024059623,0.015869379,0.0,0.0,0.0,0.0,0.0,0.26385728,0.26386088,0.5724259,0.62770194,0.62770575,4.057403,0.0025054934,0.00250868,0.0025040887,0.09014514,0.0,0.0,0.0,0.0,0.0,0.00021940493,0.0019917015,0.0059680315,0.0,0.0,0.0,0.0,0.0,0.0
2107748940,0.004968345,-0.062063225,-0.27661094,-0.014549732,0.0041446686,-0.07659531,0.0036858171,0.015345741,0.024059623,-0.017897129,0.0,0.0,0.0,0.0,0.0,0.2638555,0.2638587,0.572441,0.6277691,0.6277729,4.0572867,0.0025054934,0.00250868,0.0025040887,0.09014513,0.0,0.0,0.0,0.0,0.0,0.00010311814,0.0063703572,0.014427126,0.0,0.0,0.0,0.0,0.0,0.0
2107949685,-0.018435337,0.0428425,-0.09815359,-0.007215023,0.012993813,0.9205589,0.0036858171,0.015345741,0.024059623,5.555153e-05,0.0,0.0,0.0,0.0,0.0,0.26383543,0.26383936,0.572374,0.6277947,0.6277985,4.0572405,0.0025054934,0.00250868,0.0025040887,0.0901451,0.0,0.0,0.0,0.0,0.0,0.00019802358,0.0008526018,0.00067428144,0.0,0.0,0.0,0.0,0.0,0.0
2108154187,-0.045704275,-0.03209193,0.27643153,-0.014116287,0.020105362,-0.42921066,0.0036858171,0.015345741,0.024059623,0.09518576,0.0,0.0,0.0,0.0,0.0,0.26392317,0.26393023,0.57242763,0.6282173,0.62822115,4.057149,0.0025054934,0.00250868,0.0025040887,0.090145096,0.0,0.0,0.0,0.0,0.0,0.0002619091,0.004528137,0.009822693,0.0,0.0,0.0,0.0,0.0,0.0
2108355207,-0.043211907,-0.10081473,0.2069414,-0.018894672,0.0053634644,-0.083229065,0.0036858171,0.015345741,0.024059623,0.055666447,0.0,0.0,0.0,0.0,0.0,0.2638532,0.2638629,0.57241416,0.62636447,0.6263685,4.057308,0.0025054934,0.00250868,0.0025040887,0.090145305,0.0,0.0,0.0,0.0,0.0,0.0003728591,0.007387175,0.015123414,0.0,0.0,0.0,0.0,0.0,0.0
2108555817,-0.018965691,-0.058664463,-0.00767228,-0.014652252,-0.0039110184,0.12896538,0.0036858171,0.015345741,0.024059623,-0.002840042,0.0,0.0,0.0,0.0,0.0,0.26386642,0.2638768,0.57243174,0.6263998,0.6264041,4.057263,0.0025054934,0.00250868,0.0025040887,0.09014529,0.0,0.0,0.0,0.0,0.0,0.00032535952,0.0074438155,0.019324996,0.0,0.0,0.0,0.0,0.0,0.0
2108756830,-0.028167754,0.17540619,-0.18331328,-0.011468887,0.020524025,0.014970779,0.0036858171,0.015345741,0.024059623,0.04994154,0.0,0.0,0.0,0.0,0.0,0.26380908,0.26381886,0.57241505,0.6260701,0.62607473,4.0574317,0.0025054934,0.00250868,0.0025040887,0.09014534,0.0,0.0,0.0,0.0,0.0,0.00017913031,0.007454744,0.017202182,0.0,0.0,0.0,0.0,0.0,0.0
2108957387,-0.027969897,0.022224808,0.1817399,-0.004535198,0.022140503,0.80438614,0.0036858171,0.015345741,0.024059623,0.004722357,0.0,0.0,0.0,0.0,0.0,0.26380405,0.26381192,0.5724317,0.6261345,0.62613946,4.0573177,0.0025054934,0.00250868,0.0025040887,0.09014532,0.0,0.0,0.0,0.0,0.0,0.00028576743,0.0077716764,0.021486431,0.0,0.0,0.0,0.0,0.0,0.0
2109162419,-0.08982444,0.0062679113,0.25149706,-0.00828886,0.021736145,-0.12387085,0.0036858171,0.015345741,0.024059623,0.008293629,0.0,0.0,0.0,0.0,0.0,0.26381186,0.26381862,0.57239383,0.6263743,0.6263795,4.057355,0.0025054934,0.00250868,0.0025040887,0.09014545,0.0,0.0,0.0,0.0,0.0,0.00024103417,0.009563242,0.026781196,0.0,0.0,0.0,0.0,0.0,0.0
2109363245,0.03371203,-0.111170016,0.03606358,-0.0148124695,0.0021629333,-0.63980865,0.0036858171,0.015345741,0.024059623,0.027395725,0.0,0.0,0.0,0.0,0.0,0.26384184,0.2638487,0.5724093,0.62637264,0.626378,4.057309,0.0025054934,0.00250868,0.0025040887,0.0901455,0.0,0.0,0.0,0.0,0.0,0.00019878655,0.011205041,0.034282066,0.0,0.0,0.0,0.0,0.0,0.0
2109563344,-0.02966693,-0.11430037,-0.082924545,-0.0038471222,-0.0009860992,1.03648,0.0036858171,0.015345741,0.024059623,0.035250902,0.0,0.0,0.0,0.0,0.0,0.2638359,0.26384377,0.5724263,0.62640494,0.62641054,4.0574827,0.0025054934,0.00250868,0.0025040887,0.090145476,0.0,0.0,0.0,0.0,0.0,0.00025067225,0.015228885,0.049540035,0.0,0.0,0.0,0.0,0.0,0.0
2109763833,0.051677704,-0.0077753887,-0.006845951,-0.0039753914,-0.0026769638,0.27697754,0.0036858171,0.015345741,0.024059623,0.017614603,0.0,0.0,0.0,0.0,0.0,0.26379055,0.26379827,0.5724411,0.6264271,0.6264329,4.0573397,0.0025054934,0.00250868,0.0025040887,0.09014545,0.0,0.0,0.0,0.0,0.0,0.00015660159,0.012787621,0.04257034,0.0,0.0,0.0,0.0,0.0,0.0
2109964782,0.1349783,-0.33715332,-0.066486776,0.013954639,-0.028766632,0.66459656,0.0036858171,0.015345741,0.024059623,-0.0731225,0.0,0.0,0.0,0.0,0.0,0.26375964,0.2637659,0.5724581,0.62643987,0.6264459,4.0575137,0.0025054934,0.00250868,0.0025040887,0.09014542,0.0,0.0,0.0,0.0,0.0,0.0005384457,0.015878577,0.03136519,0.0,0.0,0.0,0.0,0.0,0.0
2110165746,-0.039103597,0.04101737,-0.02481985,0.017487526,-0.021787643,0.9862709,0.0036858171,0.015345741,0.024059623,-0.09531212,0.0,0.0,0.0,0.0,0.0,0.2637265,0.26373002,0.5724651,0.6262706,0.6262765,4.0575323,0.0025054934,0.00250868,0.0025040887,0.0901456,0.0,0.0,0.0,0.0,0.0,0.0003212624,0.0145473275,0.047677122,0.0,0.0,0.0,0.0,0.0,0.0
2110370497,-0.04660356,-0.009178549,-0.105926216,0.017127037,-0.010340691,-0.6793976,0.0036858171,0.015345741,0.024059623,-0.019598246,0.0,0.0,0.0,0.0,0.0,0.26376542,0.26376858,0.57239354,0.627804,0.6278096,4.0574636,0.0025054934,0.00250868,0.0025040887,0.09014555,0.0,0.0,0.0,0.0,0.0,0.00031659284,0.007677532,0.02878995,0.0,0.0,0.0,0.0,0.0,0.0
2110571213,-0.006017983,0.101583704,-0.003327787,0.020607948,0.014809608,-0.6171417,0.0036858171,0.015345741,0.024059623,0.0063648224,0.0,0.0,0.0,0.0,0.0,0.26376408,0.26376823,0.5724081,0.6278506,0.6278558,4.05735,0.0025054934,0.00250868,0.0025040887,0.09014552,0.0,0.0,0.0,0.0,0.0,0.00032790026,0.0072331466,0.018503346,0.0,0.0,0.0,0.0,0.0,0.0
2110771786,0.017526448,-0.03822163,-0.016698599,0.028478146,0.012726784,-0.2213955,0.0036858171,0.015345741,0.024059623,0.01833272,0.0,0.0,0.0,0.0,0.0,0.26374015,0.26374477,0.57242244,0.6278547,0.6278594,4.0575356,0.0025054934,0.00250868,0.0025040887,0.09014549,0.0,0.0,0.0,0.0,0.0,0.00026819538,0.003685022,0.010339259,0.0,0.0,0.0,0.0,0.0,0.0
2110972017,0.12154989,-0.13558468,-0.020372093,0.044972897,-0.007082939,1.0659332,0.0036858171,0.015345741,0.024059623,-0.04576254,0.0,0.0,0.0,0.0,0.0,0.26375636,0.26376328,0.57243717,0.6293913,0.6293956,4.0574126,0.0025054934,0.00250868,0.0025040887,0.09014563,0.0,0.0,0.0,0.0,0.0,0.0002831578,0.009606396,0.023805643,0.0,0.0,0.0,0.0,0.0,0.0
2111172816,-0.003471151,-0.009306956,0.1191479,0.058377266,0.0008354187,-0.18075562,0.0036858171,0.015345741,0.024059623,-0.04679346,0.0,0.0,0.0,0.0,0.0,0.26384434,0.2638525,0.57240343,0.6298091,0.6298131,4.057357,0.0025054934,0.00250868,0.0025040887,0.09014568,0.0,0.0,0.0,0.0,0.0,0.00020324427,0.004745398,0.011281999,0.0,0.0,0.0,0.0,0.0,0.0
2111373703,-0.11821473,-0.06680105,-0.09412187,0.047275543,-0.01069355,1.0153618,0.0036858171,0.015345741,0.024059623,-0.067231655,0.0,0.0,0.0,0.0,0.0,0.26380032,0.26380926,0.57238716,0.6309549,0.63095874,4.057255,0.0025054934,0.00250868,0.0025040887,0.090145655,0.0,0.0,0.0,0.0,0.0,0.00016053878,0.004732564,0.014419168,0.0,0.0,0.0,0.0,0.0,0.0
2111578533,-0.09432417,-0.052694403,0.06893551,0.039926052,-0.01181221,-0.38337135,0.0036858171,0.015345741,0.024059623,-0.07090521,0.0,0.0,0.0,0.0,0.0,0.263752,0.2637631,0.5723732,0.63065726,0.630661,4.057196,0.0025054934,0.00250868,0.0025040887,0.09014562,0.0,0.0,0.0,0.0,0.0,0.00022957163,0.006772928,0.020647403,0.0,0.0,0.0,0.0,0.0,0.0
2111779343,0.09271907,-0.012247629,-0.04614669,0.04944563,-0.009955406,0.28686523,0.0036858171,0.015345741,0.024059623,0.0076260567,0.0,0.0,0.0,0.0,0.0,0.26376244,0.26378098,0.5724224,0.6309345,0.63093877,4.0572557,0.0025054934,0.00250868,0.0025040887,0.09014576,0.0,0.0,0.0,0.0,0.0,0.00013189751,0.0032138953,0.007147329,0.0,0.0,0.0,0.0,0.0,0.0
2111984075,0.17587593,0.05266016,-0.02280438,0.05919838,-0.0073871613,0.24061966,0.0036858171,0.015345741,0.024059623,0.021467209,0.0,0.0,0.0,0.0,0.0,0.26380998,0.26383823,0.57239336,0.631355,0.63136053,4.057169,0.0025054934,0.00250868,0.0025040887,0.09014572,0.0,0.0,0.0,0.0,0.0,0.0006248463,0.009633662,0.01859178,0.0,0.0,0.0,0.0,0.0,0.0
2112184846,0.12309435,-0.20839944,0.020171344,0.07462263,-0.032683372,0.14431381,0.0036858171,0.015345741,0.024059623,0.017980099,0.0,0.0,0.0,0.0,0.0,0.2637462,0.26377746,0.5723779,0.6309664,0.63097346,4.057364,0.0025054934,0.00250868,0.0025040887,0.09014585,0.0,0.0,0.0,0.0,0.0,0.0007947778,0.011766383,0.026979225,0.0,0.0,0.0,0.0,0.0,0.0
2112385726,0.2082679,-0.080197595,-0.118000865,0.095775604,-0.024410248,0.41838837,0.0036858171,0.015345741,0.024059623,0.05344534,0.0,0.0,0.0,0.0,0.0,0.26374954,0.26377857,0.5723953,0.63101834,0.6310273,4.0574102,0.0025054934,0.00250868,0.0025040887,0.090146,0.0,0.0,0.0,0.0,0.0,0.0008277848,0.013198791,0.027288165,0.0,0.0,0.0,0.0,0.0,0.0
2112585665,0.21139461,-0.15037316,-0.12008256,0.112029076,-0.023856163,-0.20887375,0.0036858171,0.015345741,0.024059623,-0.098721504,0.0,0.0,0.0,0.0,0.0,0.26380497,0.26382777,0.5724406,0.62974614,0.6297569,4.057364,0.0025054934,0.00250868,0.0025040887,0.09014593,0.0,0.0,0.0,0.0,0.0,0.000704749,0.0153239975,0.032988433,0.0,0.0,0.0,0.0,0.0,0.0
2112786444,0.091839164,-0.22633937,-0.026554108,0.105793,-0.04289913,-0.38856888,0.0036858171,0.015345741,0.024059623,0.012827396,0.0,0.0,0.0,0.0,0.0,0.26375857,0.26377508,0.57242376,0.62939024,0.6294018,4.057451,0.0025054934,0.00250868,0.0025040887,0.09014585,0.0,0.0,0.0,0.0,0.0,0.0006059156,0.013509748,0.02869523,0.0,0.0,0.0,0.0,0.0,0.0
2112991266,0.009737492,-0.11948589,-0.10339308,0.100934505,-0.047709465,0.24279785,0.0036858171,0.015345741,0.024059623,-0.06514311,0.0,0.0,0.0,0.0,0.0,0.26381072,0.2638203,0.57246584,0.6281196,0.6281312,4.0575266,0.0025054934,0.00250868,0.0025040887,0.090145804,0.0,0.0,0.0,0.0,0.0,0.00041876966,0.007891078,0.018568713,0.0,0.0,0.0,0.0,0.0,0.0
2113192041,0.10167891,-0.15281783,-0.14110404,0.10327101,-0.055505753,-0.6764183,0.0036858171,0.015345741,0.024059623,-0.029084682,0.0,0.0,0.0,0.0,0.0,0.26376867,0.26377052,0.5724457,0.62626284,0.6262735,4.0576806,0.0025054934,0.00250868,0.0025040887,0.09014577,0.0,0.0,0.0,0.0,0.0,0.0004251062,0.012616339,0.03650782,0.0,0.0,0.0,0.0,0.0,0.0
2113392593,0.041383326,-0.009301491,0.06328142,0.10654926,-0.047540665,0.21062851,0.0036858171,0.015345741,0.024059623,-0.016347647,0.0,0.0,0.0,0.0,0.0,0.26385808,0.2638521,0.57240844,0.6266568,0.6266657,4.0575466,0.0025054934,0.00250868,0.0025040887,0.090145886,0.0,0.0,0.0,0.0,0.0,0.0003499145,0.0047266246,0.017259622,0.0,0.0,0.0,0.0,0.0,0.0
2113593716,-0.02847568,0.01331757,-0.111187994,0.0770936,-0.027108192,0.57728195,0.0036858171,0.015345741,0.024059623,-0.0058090687,0.0,0.0,0.0,0.0,0.0,0.26390418,0.26389086,0.5724235,0.626652,0.62665814,4.0574813,0.0025054934,0.00250868,0.0025040887,0.09014592,0.0,0.0,0.0,0.0,0.0,9.546007e-05,0.004393789,0.01114633,0.0,0.0,0.0,0.0,0.0,0.0
2113794193,0.005434029,-0.0972673,0.045300424,0.073189735,-0.028438568,-0.26646805,0.0036858171,0.015345741,0.024059623,0.012571573,0.0,0.0,0.0,0.0,0.0,0.26390222,0.2638848,0.57243985,0.6266111,0.62661374,4.057374,0.0025054934,0.00250868,0.0025040887,0.090145946,0.0,0.0,0.0,0.0,0.0,0.00021568529,0.003031535,0.0097408565,0.0,0.0,0.0,0.0,0.0,0.0
2113998705,0.17220923,-0.096071124,-0.03029555,0.06912947,-0.02357769,-0.078710556,0.0036858171,0.015345741,0.024059623,0.027911186,0.0,0.0,0.0,0.0,0.0,0.26385742,0.26383913,0.5724261,0.62475574,0.6247551,4.0572777,0.0025054934,0.00250868,0.0025040887,0.090146124,0.0,0.0,0.0,0.0,0.0,0.00051153376,0.0048633683,0.017074037,0.0,0.0,0.0,0.0,0.0,0.0
2114199437,0.14793546,0.01182282,-0.10707718,0.06987858,-0.011392593,0.35626984,0.0036858171,0.015345741,0.024059623,0.014741659,0.0,0.0,0.0,0.0,0.0,0.26386684,0.26385036,0.5723656,0.6232874,0.6232835,4.0572248,0.0025054934,0.00250868,0.0025040887,0.09014625,0.0,0.0,0.0,0.0,0.0,0.0005147541,0.0052624745,0.010186953,0.0,0.0,0.0,0.0,0.0,0.0
2114399828,0.218536,-0.0328193,-0.032914102,0.07675123,-0.011871338,0.18294907,0.0036858171,0.015345741,0.024059623,0.005132675,0.0,0.0,0.0,0.0,0.0,0.26385906,0.26384765,0.5723887,0.6232957,0.6232894,4.0574403,0.0025054934,0.00250868,0.0025040887,0.09014627,0.0,0.0,0.0,0.0,0.0,0.00050559785,0.009831986,0.02684612,0.0,0.0,0.0,0.0,0.0,0.0
2114604844,-0.025567546,-0.035081714,-0.03805822,0.07250357,-0.005402565,-0.73399544,0.0036858171,0.015345741,0.024059623,-0.060459137,0.0,0.0,0.0,0.0,0.0,0.2639512,0.26394358,0.57244384,0.6221793,0.62217146,4.057338,0.0025054934,0.00250868,0.0025040887,0.090146296,0.0,0.0,0.0,0.0,0.0,0.00019981612,0.0034382094,0.0075663384,0.0,0.0,0.0,0.0,0.0,0.0
2114805707,-0.19724089,0.0022374392,-0.093884766,0.035746098,0.0039930344,-0.030056,0.0036858171,0.015345741,0.024059623,0.028004408,0.0,0.0,0.0,0.0,0.0,0.26391762,0.26391205,0.5724541,0.6204599,0.6204518,4.05738,0.0025054934,0.00250868,0.0025040887,0.09014649,0.0,0.0,0.0,0.0,0.0,0.0002414501,0.0107011525,0.02169087,0.0,0.0,0.0,0.0,0.0,0.0
2115006416,0.041879896,-0.06559496,-0.1093474,0.042019367,0.011181831,-0.6603279,0.0036858171,0.015345741,0.024059623,-0.019061565,0.0,0.0,0.0,0.0,0.0,0.2638292,0.26382577,0.57243514,0.6200242,0.6200166,4.0575547,0.0025054934,0.00250868,0.0025040887,0.09014641,0.0,0.0,0.0,0.0,0.0,0.00018629624,0.0073877214,0.017445177,0.0,0.0,0.0,0.0,0.0,0.0
2115207030,0.45514977,-0.09782572,-0.08178389,0.07381153,0.00795269,-0.14024544,0.0036858171,0.015345741,0.024059623,-0.008110762,0.0,0.0,0.0,0.0,0.0,0.2638774,0.2638752,0.5724005,0.6203986,0.6203917,4.057495,0.0025054934,0.00250868,0.0025040887,0.09014638,0.0,0.0,0.0,0.0,0.0,0.00072412775,0.009090282,0.013807435,0.0,0.0,0.0,0.0,0.0,0.0
2115408120,0.21525183,-0.05421793,-0.057599664,0.10043192,0.016476631,0.4311943,0.0036858171,0.015345741,0.024059623,0.06650114,0.0,0.0,0.0,0.0,0.0,0.2638027,0.26379955,0.5723835,0.6214971,0.62149143,4.057539,0.0025054934,0.00250868,0.0025040887,0.0901463,0.0,0.0,0.0,0.0,0.0,0.0007024807,0.009243483,0.017478751,0.0,0.0,0.0,0.0,0.0,0.0
2115612623,0.083157524,-0.088334136,-0.02322191,0.08350229,0.014388084,-0.20796394,0.0036858171,0.015345741,0.024059623,0.051361322,0.0,0.0,0.0,0.0,0.0,0.26385698,0.26385206,0.57242894,0.62171245,0.6217079,4.057434,0.0025054934,0.00250868,0.0025040887,0.09014624,0.0,0.0,0.0,0.0,0.0,0.0005082101,0.004072176,0.008411259,0.0,0.0,0.0,0.0,0.0,0.0
2115816834,0.103438355,-0.077076726,0.07136798,0.080289364,0.012833595,-0.60508156,0.0036858171,0.015345741,0.024059623,-0.0057463646,0.0,0.0,0.0,0.0,0.0,0.2638686,0.2638638,0.5724475,0.6202332,0.6202295,4.057395,0.0025054934,0.00250868,0.0025040887,0.09014645,0.0,0.0,0.0,0.0,0.0,0.00045098327,0.0031642609,0.011541945,0.0,0.0,0.0,0.0,0.0,0.0
2116017715,0.17262626,0.12987576,-0.12552339,0.07768822,0.03843403,0.79442596,0.0036858171,0.015345741,0.024059623,0.016604424,0.0,0.0,0.0,0.0,0.0,0.2638038,0.26379976,0.5724336,0.6213562,0.62135315,4.057283,0.0025054934,0.00250868,0.0025040887,0.09014647,0.0,0.0,0.0,0.0,0.0,0.00047813362,0.007326284,0.014930448,0.0,0.0,0.0,0.0,0.0,0.0
2116218556,-0.07037887,0.16495724,-0.18701077,0.060423374,0.04826355,-0.124277115,0.0036858171,0.015345741,0.024059623,0.04854989,0.0,0.0,0.0,0.0,0.0,0.26382095,0.26381776,0.5723735,0.61992097,0.6199183,4.0572686,0.0025054934,0.00250868,0.0025040887,0.0901464,0.0,0.0,0.0,0.0,0.0,0.0003557365,0.011934217,0.023988582,0.0,0.0,0.0,0.0,0.0,0.0
2116419030,-0.0033277906,-0.03187454,-0.07028794,0.050024986,0.04621792,-0.04233551,0.0036858171,0.015345741,0.024059623,0.02663207,0.0,0.0,0.0,0.0,0.0,0.26384374,0.26384374,0.57239664,0.6199579,0.61995554,4.0574894,0.0025054934,0.00250868,0.0025040887,0.09014637,0.0,0.0,0.0,0.0,0.0,0.00015311521,0.009320298,0.020588828,0.0,0.0,0.0,0.0,0.0,0.0
2116624065,0.026725866,-0.064695165,0.059434295,0.043239117,0.043340683,0.26585007,0.0036858171,0.015345741,0.024059623,-0.045516968,0.0,0.0,0.0,0.0,0.0,0.26383558,0.26383945,0.57241726,0.6184666,0.61846465,4.0575376,0.0025054934,0.00250868,0.0025040887,0.090146475,0.0,0.0,0.0,0.0,0.0,0.0001104864,0.007063907,0.016705291,0.0,0.0,0.0,0.0,0.0,0.0
2116824861,-0.10853609,0.10045655,-0.03480357,0.03204775,0.05185032,0.32927322,0.0036858171,0.015345741,0.024059623,0.015167952,0.0,0.0,0.0,0.0,0.0,0.2637938,0.2638,0.5724285,0.61681265,0.6168112,4.057587,0.0025054934,0.00250868,0.0025040887,0.090146504,0.0,0.0,0.0,0.0,0.0,0.00019380637,0.01223845,0.02775311,0.0,0.0,0.0,0.0,0.0,0.0
2117025651,-0.047716245,-0.040771887,-0.06909084,0.022754192,0.043283463,0.12924385,0.0036858171,0.015345741,0.024059623,0.11379266,0.0,0.0,0.0,0.0,0.0,0.26383752,0.26384634,0.57247376,0.61701196,0.6170113,4.057485,0.0025054934,0.00250868,0.0025040887,0.09014646,0.0,0.0,0.0,0.0,0.0,0.00042111147,0.01085646,0.024845963,0.0,0.0,0.0,0.0,0.0,0.0
2117229656,0.0973182,-0.09494337,-0.019860387,0.028743267,0.034825325,-0.47094727,0.0036858171,0.015345741,0.024059623,-0.029040813,0.0,0.0,0.0,0.0,0.0,0.26384234,0.26385295,0.5724906,0.61700726,0.6170074,4.057715,0.0025054934,0.00250868,0.0025040887,0.09014675,0.0,0.0,0.0,0.0,0.0,0.00033555398,0.010635032,0.031287134,0.0,0.0,0.0,0.0,0.0,0.0
2117430502,0.20278524,-0.035392076,-0.008136809,0.024116516,0.03204155,0.32791138,0.0036858171,0.015345741,0.024059623,0.060232162,0.0,0.0,0.0,0.0,0.0,0.26379263,0.26380354,0.57247,0.61664563,0.6166466,4.057603,0.0025054934,0.00250868,0.0025040887,0.0901467,0.0,0.0,0.0,0.0,0.0,0.0005652277,0.0048460835,0.015503578,0.0,0.0,0.0,0.0,0.0,0.0
2117630940,0.17160511,-0.054396614,-0.013244152,0.034243584,0.01190567,-0.39775085,0.0036858171,0.015345741,0.024059623,0.038609028,0.0,0.0,0.0,0.0,0.0,0.26386195,0.2638707,0.5724365,0.61705244,0.61705416,4.057472,0.0025054934,0.00250868,0.0025040887,0.09014665,0.0,0.0,0.0,0.0,0.0,0.00095458963,0.0017769748,0.0019499601,0.0,0.0,0.0,0.0,0.0,0.0
2117832141,-0.02539476,-0.058302544,-0.17429763,0.028620243,0.008926392,-0.7041664,0.0036858171,0.015345741,0.024059623,-0.07996702,0.0,0.0,0.0,0.0,0.0,0.26374626,0.26375294,0.57241887,0.6151954,0.61519766,4.0576577,0.0025054934,0.00250868,0.0025040887,0.09014679,0.0,0.0,0.0,0.0,0.0,0.0007365375,0.0049360637,0.015861249,0.0,0.0,0.0,0.0,0.0,0.0
2118032648,-0.20298362,0.12940921,-0.29741234,0.005089283,0.042904854,0.18748856,0.0036858171,0.015345741,0.024059623,-0.011710167,0.0,0.0,0.0,0.0,0.0,0.26372516,0.26372886,0.5724312,0.6151753,0.6151779,4.0578218,0.0025054934,0.00250868,0.0025040887,0.09014671,0.0,0.0,0.0,0.0,0.0,0.0007535218,0.013093483,0.03281017,0.0,0.0,0.0,0.0,0.0,0.0
2118237678,-0.25404587,0.19893275,0.059332013,-0.0050606728,0.055030823,0.36384583,0.0036858171,0.015345741,0.024059623,-0.03192854,0.0,0.0,0.0,0.0,0.0,0.26373735,0.2637354,0.5724417,0.6166748,0.61667734,4.0579643,0.0025054934,0.00250868,0.0025040887,0.09014673,0.0,0.0,0.0,0.0,0.0,0.00061247044,0.02205729,0.05694702,0.0,0.0,0.0,0.0,0.0,0.0
2118438549,-0.07607666,-0.0018682107,-0.24277627,-0.014272213,0.048210144,0.6773796,0.0036858171,0.015345741,0.024059623,-0.023582458,0.0,0.0,0.0,0.0,0.0,0.26375353,0.26374543,0.5724504,0.6181959,0.61819804,4.057865,0.0025054934,0.00250868,0.0025040887,0.09014666,0.0,0.0,0.0,0.0,0.0,0.0006456151,0.014905782,0.040942833,0.0,0.0,0.0,0.0,0.0,0.0
2118639033,-0.21867761,0.06519816,-0.20903075,-0.026823997,0.056186676,-0.21484184,0.0036858171,0.015345741,0.024059623,0.014671326,0.0,0.0,0.0,0.0,0.0,0.26375577,0.26374286,0.57246137,0.6197318,0.6197332,4.0577273,0.0025054934,0.00250868,0.0025040887,0.090146676,0.0,0.0,0.0,0.0,0.0,0.0009176086,0.013966913,0.030293051,0.0,0.0,0.0,0.0,0.0,0.0
2118843347,0.04192405,0.053404927,-0.13968724,-0.022794247,0.059357643,0.33969498,0.0036858171,0.015345741,0.024059623,-0.032886744,0.0,0.0,0.0,0.0,0.0,0.26375058,0.2637356,0.5724755,0.6197902,0.6197906,4.0578685,0.0025054934,0.00250868,0.0025040887,0.09014663,0.0,0.0,0.0,0.0,0.0,0.00076386257,0.008093396,0.020989945,0.0,0.0,0.0,0.0,0.0,0.0
2119044101,0.015031569,0.033895,-0.20755696,-0.018733978,0.07071209,1.0167961,0.0036858171,0.015345741,0.024059623,0.07702088,0.0,0.0,0.0,0.0,0.0,0.26375106,0.26373413,0.5724032,0.61983895,0.6198381,4.0577807,0.0025054934,0.00250868,0.0025040887,0.090146646,0.0,0.0,0.0,0.0,0.0,0.00059960375,0.004524694,0.012443196,0.0,0.0,0.0,0.0,0.0,0.0
2119244877,0.0056353956,-0.012757987,-0.12409228,-0.014793396,0.075894356,0.18725967,0.0036858171,0.015345741,0.024059623,0.061663628,0.0,0.0,0.0,0.0,0.0,0.2637171,0.26369992,0.5723841,0.6195271,0.6195251,4.0576277,0.0025054934,0.00250868,0.0025040887,0.090146676,0.0,0.0,0.0,0.0,0.0,0.0006497213,0.008700018,0.028738048,0.0,0.0,0.0,0.0,0.0,0.0
2119445593,0.048755474,0.08369748,-0.056537032,-0.013123512,0.08691692,1.3515892,0.0036858171,0.015345741,0.024059623,0.025856018,0.0,0.0,0.0,0.0,0.0,0.2637407,0.26372585,0.5724017,0.61961156,0.6196083,4.0577927,0.0025054934,0.00250868,0.0025040887,0.0901467,0.0,0.0,0.0,0.0,0.0,0.00089216686,0.00280751,0.008482107,0.0,0.0,0.0,0.0,0.0,0.0
2119646192,-0.0061896127,-0.049840733,-0.16654128,-0.0076379776,0.08708286,-0.4480877,0.0036858171,0.015345741,0.024059623,0.060321093,0.0,0.0,0.0,0.0,0.0,0.26375347,0.26374096,0.57241625,0.61965287,0.61964846,4.0576625,0.0025054934,0.00250868,0.0025040887,0.090146564,0.0,0.0,0.0,0.0,0.0,0.00093770033,0.001869823,0.007199881,0.0,0.0,0.0,0.0,0.0,0.0
2119851031,0.06055813,-0.07968424,-0.118962586,-0.001660347,0.07020664,0.75481796,0.0036858171,0.015345741,0.024059623,-0.007855415,0.0,0.0,0.0,0.0,0.0,0.2637907,0.26378065,0.572433,0.61972773,0.6197224,4.0579557,0.0025054934,0.00250868,0.0025040887,0.090146594,0.0,0.0,0.0,0.0,0.0,0.0006762072,0.0066461237,0.021441184,0.0,0.0,0.0,0.0,0.0,0.0
2120052053,-0.07119302,0.059869304,-0.089833796,0.007220745,0.081809044,-0.4316082,0.0036858171,0.015345741,0.024059623,0.10992217,0.0,0.0,0.0,0.0,0.0,0.2638377,0.2638308,0.5724727,0.62146944,0.62146366,4.0580926,0.0025054934,0.00250868,0.0025040887,0.090146534,0.0,0.0,0.0,0.0,0.0,0.0008014672,0.007826673,0.02689349,0.0,0.0,0.0,0.0,0.0,0.0
2120252060,0.022469476,-0.06322865,-0.08093196,0.014044762,0.07392025,-0.17548943,0.0036858171,0.015345741,0.024059623,0.072769165,0.0,0.0,0.0,0.0,0.0,0.26382998,0.2638257,0.5724837,0.6245119,0.62450606,4.057975,0.0025054934,0.00250868,0.0025040887,0.090146646,0.0,0.0,0.0,0.0,0.0,0.001027515,0.0045541995,0.017222853,0.0,0.0,0.0,0.0,0.0,0.0
2120452893,0.01686795,-0.0880415,-0.098683655,0.014652729,0.06569576,0.28674698,0.0036858171,0.015345741,0.024059623,0.07338381,0.0,0.0,0.0,0.0,0.0,0.26385355,0.26385197,0.5724105,0.62459505,0.6245894,4.057799,0.0025054934,0.00250868,0.0025040887,0.090146676,0.0,0.0,0.0,0.0,0.0,0.0012419921,0.004454451,0.009476394,0.0,0.0,0.0,0.0,0.0,0.0
2120653696,0.08936955,-0.08366077,0.07812393,0.012998581,0.060544014,0.5147743,0.0036858171,0.015345741,0.024059623,0.046755552,0.0,0.0,0.0,0.0,0.0,0.26393846,0.26393974,0.57245904,0.6250336,0.6250281,4.0579767,0.0025054934,0.00250868,0.0025040887,0.09014654,0.0,0.0,0.0,0.0,0.0,0.0011649369,0.011725214,0.03255503,0.0,0.0,0.0,0.0,0.0,0.0
2120854424,-0.0036042482,-0.009426922,-0.12079209,-0.0054574013,0.086728096,-0.61255264,0.0036858171,0.015345741,0.024059623,-0.03396249,0.0,0.0,0.0,0.0,0.0,0.2638978,0.26390266,0.57243925,0.62469685,0.62469184,4.0577965,0.0025054934,0.00250868,0.0025040887,0.09014689,0.0,0.0,0.0,0.0,0.0,0.0007316749,0.002454066,0.0049155354,0.0,0.0,0.0,0.0,0.0,0.0
2121055243,0.004987389,0.07360843,-0.076340556,-0.01859951,0.11563301,0.3565712,0.0036858171,0.015345741,0.024059623,0.018835306,0.0,0.0,0.0,0.0,0.0,0.263938,0.26394272,0.57245183,0.62323123,0.6232271,4.0576625,0.0025054934,0.00250868,0.0025040887,0.090146765,0.0,0.0,0.0,0.0,0.0,0.0006668633,0.003336614,0.009274208,0.0,0.0,0.0,0.0,0.0,0.0
2121256014,0.107709944,0.032645945,-0.16711086,-0.026546955,0.11405659,-0.78783035,0.0036858171,0.015345741,0.024059623,0.08297491,0.0,0.0,0.0,0.0,0.0,0.2639234,0.2639256,0.5724684,0.621785,0.6217821,4.0578585,0.0025054934,0.00250868,0.0025040887,0.0901467,0.0,0.0,0.0,0.0,0.0,0.00067564705,0.009092352,0.028765246,0.0,0.0,0.0,0.0,0.0,0.0
2121456623,0.007964343,-0.05820076,-0.028895438,-0.018232822,0.12541103,-0.15550804,0.0036858171,0.015345741,0.024059623,0.0029437542,0.0,0.0,0.0,0.0,0.0,0.26384956,0.26384735,0.57238215,0.61996114,0.61996037,4.0577216,0.0025054934,0.00250868,0.0025040887,0.0901468,0.0,0.0,0.0,0.0,0.0,0.0010640325,0.0074897627,0.0233461,0.0,0.0,0.0,0.0,0.0,0.0
2121661699,-0.08318238,-0.06429075,-0.019259512,-0.0299654,0.1122303,-0.43351364,0.0036858171,0.015345741,0.024059623,0.007842779,0.0,0.0,0.0,0.0,0.0,0.26387173,0.26386815,0.5724025,0.62149405,0.6214938,4.0570717,0.0025054934,0.00250868,0.0025040887,0.09014699,0.0,0.0,0.0,0.0,0.0,0.00084216276,0.007953884,0.023187552,0.0,0.0,0.0,0.0,0.0,0.0
2121861614,-0.16612278,0.061757565,-0.07520628,-0.04654646,0.11693573,-0.17460251,0.0036858171,0.015345741,0.024059623,0.044336796,0.0,0.0,0.0,0.0,0.0,0.26384112,0.26383796,0.5724153,0.6213649,0.62136495,4.0570984,0.0025054934,0.00250868,0.0025040887,0.090147234,0.0,0.0,0.0,0.0,0.0,0.0009955497,0.015780076,0.035646107,0.0,0.0,0.0,0.0,0.0,0.0
2122066449,-0.06749199,0.057010576,-0.12960517,-0.055763245,0.12069988,-0.26081276,0.0036858171,0.015345741,0.024059623,0.08508253,0.0,0.0,0.0,0.0,0.0,0.26387903,0.26387858,0.5724633,0.62012124,0.6201213,4.057723,0.0025054934,0.00250868,0.0025040887,0.09014724,0.0,0.0,0.0,0.0,0.0,0.0010637057,0.015929973,0.03730053,0.0,0.0,0.0,0.0,0.0,0.0
2122267368,-0.030158456,-0.0033168327,-0.03979802,-0.05665016,0.1173048,0.003944397,0.0036858171,0.015345741,0.024059623,0.06783581,0.0,0.0,0.0,0.0,0.0,0.2638608,0.26386216,0.5724806,0.61861444,0.6186145,4.057877,0.0025054934,0.00250868,0.0025040887,0.09014718,0.0,0.0,0.0,0.0,0.0,0.0012677908,0.011643946,0.029217375,0.0,0.0,0.0,0.0,0.0,0.0
2122467760,0.08951484,0.057538636,-0.08489281,-0.05263567,0.12685585,-0.24405098,0.0036858171,0.015345741,0.024059623,0.10891914,0.0,0.0,0.0,0.0,0.0,0.26383826,0.26383835,0.5724947,0.6186124,0.61861247,4.058031,0.0025054934,0.00250868,0.0025040887,0.090147376,0.0,0.0,0.0,0.0,0.0,0.0012486905,0.013455411,0.040737793,0.0,0.0,0.0,0.0,0.0,0.0
2122672929,0.07787469,-0.004446566,-0.02952069,-0.036275864,0.11156559,-0.5915375,0.0036858171,0.015345741,0.024059623,0.07094002,0.0,0.0,0.0,0.0,0.0,0.26379645,0.2637934,0.572474,0.6167678,0.61676776,4.057884,0.0025054934,0.00250868,0.0025040887,0.09014733,0.0,0.0,0.0,0.0,0.0,0.001395298,0.011268376,0.037423164,0.0,0.0,0.0,0.0,0.0,0.0
2122873708,-0.116105534,0.059339866,-0.005294442,-0.045319557,0.12262821,-0.043273926,0.0036858171,0.015345741,0.024059623,0.05480051,0.0,0.0,0.0,0.0,0.0,0.26390478,0.2638986,0.5724394,0.61864567,0.6186454,4.0574903,0.0025054934,0.00250868,0.0025040887,0.090147324,0.0,0.0,0.0,0.0,0.0,0.0009833805,0.011469923,0.035496633,0.0,0.0,0.0,0.0,0.0,0.0
2123074495,-0.119135216,0.1142658,0.0056425333,-0.03263998,0.11973953,-0.07855797,0.0036858171,0.015345741,0.024059623,0.018499613,0.0,0.0,0.0,0.0,0.0,0.26390198,0.26389316,0.5724467,0.61996245,0.61996186,4.057491,0.0025054934,0.00250868,0.0025040887,0.09014724,0.0,0.0,0.0,0.0,0.0,0.0014628734,0.014102143,0.033694126,0.0,0.0,0.0,0.0,0.0,0.0
2123275239,0.013187721,0.015309483,0.0725162,-0.036859035,0.12993908,0.45725632,0.0036858171,0.015345741,0.024059623,0.053566694,0.0,0.0,0.0,0.0,0.0,0.2639314,0.2639202,0.57246137,0.620014,0.6200128,4.057346,0.0025054934,0.00250868,0.0025040887,0.09014718,0.0,0.0,0.0,0.0,0.0,0.0017776334,0.0076289796,0.01932322,0.0,0.0,0.0,0.0,0.0,0.0
2123475229,-0.16004817,-0.05092448,0.07708126,-0.055714607,0.11709213,-0.32467842,0.0036858171,0.015345741,0.024059623,0.08798313,0.0,0.0,0.0,0.0,0.0,0.26396587,0.2639559,0.5724781,0.6200566,0.62005484,4.0578084,0.0025054934,0.00250868,0.0025040887,0.090147115,0.0,0.0,0.0,0.0,0.0,0.0020037668,0.014619693,0.033368584,0.0,0.0,0.0,0.0,0.0,0.0
2123676248,-0.06611634,-0.05536899,0.18185398,-0.057296753,0.113357544,0.26979828,0.0036858171,0.015345741,0.024059623,0.05294919,0.0,0.0,0.0,0.0,0.0,0.2639528,0.2639458,0.57241327,0.6200992,0.6200968,4.0571604,0.0025054934,0.00250868,0.0025040887,0.09014721,0.0,0.0,0.0,0.0,0.0,0.0015414465,0.014701427,0.035920773,0.0,0.0,0.0,0.0,0.0,0.0
2123876623,0.24713053,-0.021331012,-0.11065525,-0.034955025,0.11411381,0.08345604,0.0036858171,0.015345741,0.024059623,0.03051591,0.0,0.0,0.0,0.0,0.0,0.26390454,0.2639001,0.57243264,0.6186051,0.6186024,4.0570555,0.0025054934,0.00250868,0.0025040887,0.090147294,0.0,0.0,0.0,0.0,0.0,0.000987972,0.014616719,0.040555734,0.0,0.0,0.0,0.0,0.0,0.0
2124077434,-0.08749071,-0.008768886,-0.2925207,-0.054884434,0.103378296,0.02277565,0.0036858171,0.015345741,0.024059623,0.05357623,0.0,0.0,0.0,0.0,0.0,0.2638485,0.26384738,0.5724162,0.61676884,0.6167663,4.057205,0.0025054934,0.00250868,0.0025040887,0.090147145,0.0,0.0,0.0,0.0,0.0,0.0012407227,0.018731821,0.068465084,0.0,0.0,0.0,0.0,0.0,0.0
2124278586,-0.13370618,-0.0021850616,-0.11413947,-0.066250324,0.11735058,-0.30187988,0.0036858171,0.015345741,0.024059623,-0.04048848,0.0,0.0,0.0,0.0,0.0,0.2639,0.26389974,0.5724333,0.61680895,0.6168067,4.057373,0.0025054934,0.00250868,0.0025040887,0.090147085,0.0,0.0,0.0,0.0,0.0,0.0016797768,0.0076077566,0.023569247,0.0,0.0,0.0,0.0,0.0,0.0
2124479197,-0.085531875,-0.011610974,0.17171451,-0.06687069,0.11162758,0.2987709,0.0036858171,0.015345741,0.024059623,0.108244896,0.0,0.0,0.0,0.0,0.0,0.26410764,0.2641062,0.5724438,0.6183796,0.61837816,4.057242,0.0025054934,0.00250868,0.0025040887,0.090147026,0.0,0.0,0.0,0.0,0.0,0.0016598405,0.014396494,0.04200105,0.0,0.0,0.0,0.0,0.0,0.0
2124680055,-0.09139178,-0.07339543,-0.050528035,-0.065910816,0.11438751,0.26940918,0.0036858171,0.015345741,0.024059623,0.08293605,0.0,0.0,0.0,0.0,0.0,0.26412418,0.26411918,0.57245946,0.6184501,0.61844933,4.057713,0.0025054934,0.00250868,0.0025040887,0.09014704,0.0,0.0,0.0,0.0,0.0,0.0016869528,0.008961104,0.020896293,0.0,0.0,0.0,0.0,0.0,0.0
2124884827,0.044918783,0.061003894,-0.10540899,-0.055737495,0.10982227,-0.4871006,0.0036858171,0.015345741,0.024059623,0.04331851,0.0,0.0,0.0,0.0,0.0,0.26405093,0.26404878,0.57247,0.61981654,0.6198165,4.0571933,0.0025054934,0.00250868,0.0025040887,0.090147056,0.0,0.0,0.0,0.0,0.0,0.0008767834,0.004272921,0.009691965,0.0,0.0,0.0,0.0,0.0,0.0
2125085710,-0.123601444,0.008888517,-0.07839778,-0.059126854,0.10719395,0.08484459,0.0036858171,0.015345741,0.024059623,-0.025025845,0.0,0.0,0.0,0.0,0.0,0.2640382,0.26403663,0.5724895,0.6199095,0.61990964,4.0573754,0.0025054934,0.00250868,0.0025040887,0.090147145,0.0,0.0,0.0,0.0,0.0,0.00087044964,0.015486872,0.04502905,0.0,0.0,0.0,0.0,0.0,0.0
2125289662,-0.06669771,-0.016301531,-0.0015359037,-0.067212105,0.10664272,-0.061187744,0.0036858171,0.015345741,0.024059623,0.07026768,0.0,0.0,0.0,0.0,0.0,0.26400542,0.26400393,0.57242125,0.62147504,0.62147534,4.0572505,0.0025054934,0.00250868,0.0025040887,0.090147085,0.0,0.0,0.0,0.0,0.0,0.0007959116,0.011490239,0.036373787,0.0,0.0,0.0,0.0,0.0,0.0
2125490497,-0.048074998,-0.048731863,0.0116168335,-0.066913605,0.10722923,0.42287064,0.0036858171,0.015345741,0.024059623,0.10305691,0.0,0.0,0.0,0.0,0.0,0.26398748,0.26398554,0.5724377,0.62152135,0.6215217,4.057167,0.0025054934,0.00250868,0.0025040887,0.09014703,0.0,0.0,0.0,0.0,0.0,0.0018892125,0.00565951,0.018420774,0.0,0.0,0.0,0.0,0.0,0.0
2125691019,-0.005664441,-0.04929371,-0.009695474,-0.07098198,0.09952068,-0.5658417,0.0036858171,0.015345741,0.024059623,0.19767547,0.0,0.0,0.0,0.0,0.0,0.26397324,0.26397127,0.5724581,0.6215954,0.6215957,4.0570683,0.0025054934,0.00250868,0.0025040887,0.090146974,0.0,0.0,0.0,0.0,0.0,0.0027908061,0.0062761717,0.022527777,0.0,0.0,0.0,0.0,0.0,0.0
2125895788,0.007789351,-0.07738462,0.043317284,-0.05383253,0.09343624,-0.5819664,0.0036858171,0.015345741,0.024059623,0.1587739,0.0,0.0,0.0,0.0,0.0,0.2639802,0.26397857,0.57242197,0.6218338,0.62183404,4.057112,0.0025054934,0.00250868,0.0025040887,0.09014698,0.0,0.0,0.0,0.0,0.0,0.0027991387,0.006456971,0.020342452,0.0,0.0,0.0,0.0,0.0,0.0
2126096952,0.009875116,-0.074170284,0.06310393,-0.04982233,0.0904932,-0.28006363,0.0036858171,0.015345741,0.024059623,0.12929201,0.0,0.0,0.0,0.0,0.0,0.26395622,0.26395476,0.5724422,0.621862,0.6218621,4.057081,0.0025054934,0.00250868,0.0025040887,0.09014692,0.0,0.0,0.0,0.0,0.0,0.0022587255,0.009548149,0.031391766,0.0,0.0,0.0,0.0,0.0,0.0
2127714474,-0.0014208434,-0.08856174,-0.057097487,-0.04625225,0.05020523,-0.19851303,0.0036858171,0.015345741,0.024059623,0.07180929,0.0,0.0,0.0,0.0,0.0,0.26377544,0.263775,0.5724199,0.62154436,0.621544,4.0570383,0.0025054934,0.00250868,0.0025040887,0.090147264,0.0,0.0,0.0,0.0,0.0,0.0022594675,0.005261414,0.0111689465,0.0,0.0,0.0,0.0,0.0,0.0
